EDM scores
0.03600016235474602
0.03600073898898763
0.03600907759138822
0.03601948652533023
0.03602389087325991
0.03605140390114807
0.036077330400410085
0.03616719510902949
0.03622903886227955
0.03628173146238935
0.03628470139692034
0.03628809809368279
0.0363545920372112
0.03644075451068059
0.03644353441768812
0.036458946124485345
0.03649648551722423
0.03649762017051712
0.036577908729324746
0.036725004418825154
0.036771375823713044
0.036891966664763624
0.036907454506065654
0.03694695527109095
0.037007367760629704
0.03703641049698224
0.037165210331477336
0.03727082236757519
0.03727358060546531
0.037293807912800535
0.03733331086578346
0.03737428395196703
0.037631649322896
0.037722279902536585
0.03817947367118173
0.03823816519181792
0.038258782005625776
0.03829941496903151
0.03830962249394219
0.03869623235964296
0.03885362832411103
0.038906997595710396
0.03896786346632975
0.03907228029390945
0.03936899060356209
0.03992988378699345
0.04010385863128077
0.040443477006728956
0.040664043862558785
0.040754441859698336
0.04080560812106854
0.04095703220083738
0.041127975072795385
0.04125430654812899
0.04132743037768954
0.041569338662094925
0.04228509416525398
0.04271183811192068
0.042767272359239175
0.04300000240403764
0.043109709808984674
0.04315052060874147
0.04319762257491554
0.04336309888254999
0.04345485096401777
0.04349313006379013
0.043712368702265386
0.04380001245660601
0.04382528557316953
0.04399096984063848
0.04427581435614976
0.04439695817848391
0.044414733858154955
0.04445084425237365
0.04492710971314381
0.045040209193827056
0.045377018280794996
0.045584345898944424
0.04587125578931714
0.04587303598568715
0.046155182427686306
0.04616896120760136
0.04648526997047987
0.04658591194085141
0.04716713230224855
0.047885253887989906
0.04827195210747236
0.0483485379836204
0.04848934153249822
0.04886313620410269
0.04910183772135025
0.049141933911291846
0.04940191922216888
0.049439841592710795
0.04970615137993934
0.04974156297033529
0.04990676259835649
0.050566652511915354
0.050863270866652675
0.05100770396272676
0.05142718195840767
0.05144250485235275
0.051473185071575105
0.05183187250714432
0.05184394550899706
0.05209549177191212
0.05224120588280826
0.05229547451641575
0.052319111107687354
0.05286640941864886
0.05309045576181731
0.05355345681197814
0.05378212164260568
0.055240333543773446
0.05525963096023648
0.05556263846711498
0.055672416576185144
0.0558807427100005
0.05606822779099036
0.05630558538601223
0.0570942020296491
0.057292182352919344
0.057631582882793915
0.057687717272368044
0.05778678517267064
0.05788120267899207
0.05789340634426719
0.058171597001513455
0.05966177298802415
0.05971754032682715
0.06029208392573881
0.06039691727076375
0.06049270960330991
0.06085749750800913
0.06086005494901407
0.06095616820337331
0.06120370998184159
0.06135482241212368
0.06139126365707945
0.06151035137330969
0.06151041670498361
0.06165527903705691
0.061674504775185435
0.06181994507802028
0.06190508490269809
0.061938751904778
0.0620045986883128
0.06206749512166995
0.06209074038828431
0.062348555218153835
0.06235825211430066
0.06238155763628117
0.06262592708616808
0.06283611181197282
0.06291206172206434
0.06295715239288734
0.06309306180533242
0.06313596197640545
0.0631771470630118
0.06321245970215437
0.06323135145769179
0.06334449985575463
0.06338255321715004
0.06344903836266956
0.06379558471648865
0.0638436895470026
0.06387474480466063
0.0640885255827308
0.06417887309087648
0.06444380307362065
0.06461759684874235
0.06463470384766229
0.06502729422539985
0.06515588099751983
0.06522215173975747
0.06534333072698613
0.06548909335653526
0.06554648679878333
0.06567096829010012
0.06571345380444318
0.0657375786741895
0.06582569116936936
0.06587348587515661
0.06614283220061909
0.0661663141428616
0.06616699390420214
0.06642318577883441
0.06668891293167876
0.06673645758363468
0.06680550163094659
0.06684422254080469
0.06697688462447425
0.06726289138299335
0.0675365664029648
0.06772524099183341
0.06774414736326294
0.06779327407934915
0.0679400153610812
0.0680000988441282
0.06800043454861354
0.06800123854674797
0.06800437727103564
0.06801033243796065
0.06801097192040714
0.0680121686191932
0.06801423367387069
0.06802751896194603
0.06802755009512827
0.06803865147249365
0.06803993025569118
0.0680402744611272
0.06804075509818638
0.06804475161705041
0.06804500221787367
0.068045224263749
0.06805129603528101
0.06807047479220185
0.0680753348922731
0.06808386372462027
0.06808474969208564
0.06808501315944622
0.06808884500724817
0.06809847916448551
0.06812835621239381
0.06812898212750616
0.06813492442900834
0.06813584419490575
0.06817169659457115
0.06817232260021332
0.06817718254526
0.06818886941054399
0.06819818556034188
0.06820287236884869
0.06820717232906133
0.06821376992155398
0.06821463477055122
0.06822277374714995
0.06822903770328599
0.06824311751646678
0.06824978138394432
0.06825890882128476
0.06828139815469944
0.06830069862233795
0.06830848625925644
0.06831715442712209
0.06832022659903075
0.06835357905830998
0.06836536337964794
0.06841173717841675
0.06841918865222232
0.0684329075345425
0.06844214891732904
0.06846133003641698
0.06851372390763183
0.06852727179003021
0.06859068865615613
0.06861459550969172
0.06862899524680639
0.06863668388202922
0.06864345599782525
0.06867224985409176
0.06867621885417477
0.06877380016432112
0.06879760056386376
0.0688049489826276
0.0688100413139423
0.06882747122056522
0.0688291097437872
0.06883655978587791
0.06884799722442307
0.06884845633914213
0.0688553793710728
0.06886114824054476
0.0688804726534572
0.06895101520632141
0.06897920488988114
0.06904912153211154
0.06908828135320293
0.0691003824012085
0.0691174547747032
0.06915171921342843
0.06916770032022808
0.06917069832859783
0.06918920440149011
0.06920847252421143
0.06921866313260613
0.06923652846018148
0.0692505588703147
0.06943841379190978
0.06946025063676081
0.06948945688872217
0.06950052968341283
0.06950541795531766
0.06954754474131154
0.06954891778265983
0.0695506296733172
0.06955706982238932
0.06956544252636118
0.06961883101929216
0.06963558944888983
0.06965243991385726
0.0698152592033501
0.06985838032716545
0.0698937109940844
0.0699113009332164
0.06991860527140967
0.06998207442564247
0.07001069914583868
0.07013388364151124
0.07013899042646106
0.07023693666751402
0.07024718443342524
0.07025021855244207
0.07028712226616834
0.07038597619044737
0.07039200210684841
0.07039996483886946
0.07040214134119042
0.07045475770411028
0.07046636569245182
0.07046979874756719
0.07053343519520917
0.07055293439242488
0.0705659215618126
0.07064329230921332
0.0708126761614843
0.07086623805793675
0.07093045760281794
0.07099375527619799
0.07106341745420623
0.07110409539980933
0.07110933647138433
0.07116012073438596
0.0711809646330598
0.07119488493771368
0.07126495689925412
0.07143707701612839
0.07146770023382822
0.07148032600155371
0.0715299558844964
0.07159254915739775
0.07161525863005494
0.07167738833186102
0.07174174336065647
0.0718327018729386
0.07183381983707868
0.07204712261420931
0.07206359969166388
0.07211682594731461
0.07216585931042076
0.07218583537921722
0.07232882233573343
0.07235094829735496
0.07237208995066531
0.07238208568515253
0.07243238449421208
0.07245980694699407
0.07249645417080548
0.07253149206776881
0.0725581288936682
0.0725716444020448
0.0725865353824885
0.07269901327486052
0.0727461196698789
0.07300201371030982
0.07302473290944275
0.07305179450297711
0.07315422659811492
0.07318288807838579
0.07325124657780453
0.07335438569399204
0.07335670184299266
0.07341121291274716
0.07341294533428207
0.07342451475898305
0.073473664627561
0.07353904878569348
0.07355140447619332
0.07361787496647966
0.07375676798367264
0.07387452534263783
0.07389030202960518
0.07389586091520932
0.07392291958438048
0.07395345642318044
0.07398603685390001
0.07400770568435175
0.07401813772408443
0.07409103890590951
0.0743232873047984
0.0745121107088498
0.07453952526387758
0.07467471850298846
0.07476215922272757
0.07488996054951308
0.0749563719065979
0.07503615709296386
0.07506301635995455
0.0750762368766674
0.07507891155859533
0.0752223799676639
0.0756721641787493
0.07569354122166555
0.0756946824899108
0.07594409122924552
0.07595381322129716
0.07602482516522882
0.0760613783566315
0.07613437877969781
0.07619760321123575
0.07631071050679115
0.07637320952917301
0.07639540275459526
0.07647787242415176
0.07651140851733039
0.07654443541168739
0.0765836582718975
0.07661847267595828
0.07666174397124914
0.07671789478089948
0.07673248064220686
0.07679191397992885
0.07706211376932316
0.07713676076250844
0.07717025468558049
0.07726253354123651
0.07734868153819842
0.07737241577444921
0.07757974615864391
0.07778456812801984
0.07782989453803602
0.07788520260906431
0.07794795240235296
0.07847183797080284
0.07867236270922459
0.07880020285195495
0.07888959397380628
0.0789154779716829
0.07892688179390456
0.07895221960282672
0.07943202288997321
0.07967246737424136
0.07974190683863448
0.07974205880956804
0.07996465684439893
0.08001219365513947
0.08004961011308404
0.0801259598986165
0.0801402356838279
0.0801525642165193
0.08015315815008077
0.08019028071705366
0.08022805136093257
0.0802508980395063
0.08041781055546483
0.08043251876967597
0.08059553815402998
0.08074251813128554
0.08087038613814931
0.08099169531428875
0.08112360059342306
0.08137346998981888
0.08148464281127235
0.08151048008782738
0.08159054533660538
0.08175250708317507
0.08184752177807428
0.08187155806035536
0.08246211662324623
0.08262657635537553
0.08273939847126408
0.08307249076266165
0.0831262293474709
0.08320653632888243
0.08359539559721464
0.08380916584790296
0.08385370851490685
0.08393302848090867
0.08393876364332821
0.08396865205995693
0.08401994330648158
0.08431863643073101
0.08450611548058036
0.0845370325942993
0.08457456706056261
0.08480007841190156
0.0852675628600698
0.08529228558467629
0.08534228194302261
0.08536151866492138
0.08559417801950202
0.08576464323703249
0.08581456620511281
0.08582849657944368
0.08641827787423041
0.08648852349553511
0.08667844476523674
0.08670822150663893
0.08683508264484326
0.08688767809320093
0.08690664169225581
0.08736500816814405
0.08743459027758282
0.08760744537067051
0.08781174701648457
0.08784155570538646
0.08789415787165322
0.08830781787557929
0.0883518231833033
0.08836568195208118
0.08885560757017749
0.08897313310904387
0.08912797416316724
0.08914130875653041
0.08922080830732623
0.08935987033007305
0.08978506727014347
0.08988816722893062
0.09002318275507241
0.09014044206458317
0.09020433967205489
0.09024791516289554
0.0903069904548677
0.0903302704930416
0.09034234180731429
0.0903554504521408
0.09043680622103879
0.09046219724439408
0.09048392883809749
0.09054798390710118
0.09054820784649567
0.09058073116962535
0.0905902609528961
0.09063720396934151
0.0907211410943454
0.09081256665996865
0.09084549579022728
0.09088058807848567
0.09089145414532224
0.0909053722869568
0.09098636328016015
0.0910024210446701
0.09109645736698872
0.09109778956984385
0.09112708214504642
0.09116249812087007
0.09116929860074152
0.09121627990085693
0.09129755892636987
0.09135627396057927
0.09136157572533508
0.09136285857525964
0.09140817086101193
0.09143310678406256
0.09147363313659401
0.09156437795832172
0.09172988200812121
0.09178914389630247
0.09184801575574762
0.09191818458019148
0.09195778046622738
0.09195818787153957
0.0919829764916242
0.09202031080008344
0.09206388083878353
0.09206596036072076
0.09207371069003442
0.09208578795647207
0.09209451689487647
0.09209594007969303
0.09210559638151665
0.0921182459245622
0.09214328565837686
0.09221651718264423
0.0922295603421408
0.09226161018360432
0.0923633926746812
0.09237762558923085
0.09242582983659191
0.09245210033951508
0.09249493520249824
0.09250765272074765
0.09251059291942693
0.0925378986388488
0.09256833935519186
0.09262704899603104
0.09263640337599785
0.09267964086854909
0.09283359681556821
0.09287424791593708
0.09288867561456046
0.09290180000468347
0.09293204718509755
0.09303401341724099
0.09310552793208761
0.09311155227982282
0.09313314157019256
0.09314499404042527
0.09314525565880093
0.09315699292727103
0.09321567356908712
0.09322984780939496
0.09325842894298826
0.09325913704723512
0.09336548309194713
0.09338651682947208
0.09338716035582477
0.09340433923214608
0.09346853634769782
0.09348415428315456
0.09351606461502769
0.09353403047570062
0.09358186956522019
0.09360042565331261
0.09361246747454442
0.09361832904932064
0.09364304417284171
0.09364747301268218
0.09367452811494481
0.09374979024080837
0.09379840189038277
0.09383185071468045
0.09386439205621791
0.09390540070724374
0.09392416304278328
0.09392944297695047
0.09394113339761805
0.09396683553411748
0.09398092580544526
0.09399589742715699
0.0940145006971736
0.0940428144878816
0.09404389241542462
0.09406973993373519
0.09411007878317124
0.09411193302874786
0.0941606735507166
0.09418948214851501
0.09419919314659896
0.09422047759780412
0.0942350493436223
0.09427075256536262
0.0942970541528066
0.09433097547224101
0.09438481646403821
0.09438550130296897
0.0943986263627168
0.09441528410009406
0.09441600174728912
0.09448933351315464
0.09449197042694168
0.09449986838218329
0.09452551142774059
0.09454293246017519
0.09454834291555729
0.0945492253458917
0.09456246627784445
0.09457753429499509
0.09458693296706314
0.09459460340392521
0.0946031225231285
0.09460556196435559
0.09462885993257922
0.09463167848523253
0.09464802710211029
0.09466167870245495
0.09468068038073497
0.09468639742325093
0.0946872115392406
0.09469153621324683
0.09469663410484755
0.0947179371125185
0.09474633351796773
0.09475202622328706
0.09476506759943552
0.09477928987902802
0.0947794044470498
0.09480001786352017
0.09481964624467623
0.09484216109967812
0.09484726903735367
0.09485042164649386
0.09485670519892643
0.09486303079599613
0.0948636620436398
0.09486953921238939
0.09487366514494332
0.0948771130331145
0.09488687113211132
0.09488935407416381
0.09488962458738748
0.09491659134754202
0.09492300025826896
0.09492521101031084
0.09493088250075911
0.09494265631121622
0.09494917030758104
0.09495077577666448
0.09496941247141984
0.094974922956084
0.09498016907066749
0.09499254654508361
0.09500111724461485
0.09501110339452533
0.0950134717187929
0.09501575217604677
0.09501836639742303
0.0950189990651939
0.09505497226171039
0.09506084828646844
0.09507272313744905
0.09514406233926645
0.09515184377181496
0.09516929674316188
0.09519552149682096
0.095203862524147
0.09521835642963945
0.09522160111071333
0.09522370568873173
0.09522548204773384
0.0952310823859747
0.09523669901498136
0.09525731242293536
0.09525851545344811
0.09528390749796634
0.09528596757021632
0.09529377448789152
0.09529477363901635
0.09531604945991662
0.0953243024426044
0.09532686878681394
0.09532688941218859
0.09535996511170884
0.0953636270845319
0.09537084661361754
0.09537282431419394
0.09537806098930389
0.0953834580166614
0.09538722100748714
0.09539005001684142
0.09539226363288575
0.09542198856763706
0.09542912655126856
0.09543331654241374
0.09543527035838587
0.0954418099252512
0.09545126040796545
0.09547293933154222
0.09548228669788734
0.09548579428710495
0.09549040717730836
0.09549692188179586
0.09550035039176229
0.09551167657136414
0.09551292158675039
0.09551445503345651
0.09551753014351153
0.09553781294960387
0.09553958665838502
0.09555632670036314
0.09557101437432818
0.09557126422261947
0.09557175257349382
0.09557453433512295
0.09560832538536612
0.09560871436013099
0.0956338191954349
0.09563855783475123
0.09565643923163625
0.09567355316805654
0.0956740068863588
0.0956741634142747
0.09568439699155899
0.09568600887305712
0.0956876970970721
0.0956900544791961
0.09569091853736678
0.09569899946222833
0.09570429286871776
0.09570454028271502
0.09570829580296429
0.09570944137290158
0.09571041242305035
0.0957121526893801
0.09571739110357703
0.0957203734337823
0.09573694164946975
0.09573813013021265
0.09574019617417294
0.09574290155909986
0.09574311293555315
0.09574742714381797
0.09575317750559165
0.09575384011141867
0.09575792452029393
0.09576414152359497
0.09576666720749277
0.09577631232974394
0.09577673970930453
0.09577813863888696
0.09578015550357609
0.0957810934380237
0.09578137478502759
0.09578445319121076
0.09578839430774999
0.09578873712398528
0.09578976869744361
0.09579850952532183
0.0958012794570815
0.09580277784873534
0.09580506673716818
0.09580549313843004
0.0958077364543694
0.09580889511065376
0.09581466379936834
0.09581758064915241
0.09581822795240087
0.09581934557939614
0.09582140379665145
0.095822412988997
0.09582704034605077
0.09583369722155698
0.0958489637669742
0.09585249708169306
0.09585500269208458
0.09585936311878282
0.09586161402735872
0.09586380661529927
0.09586600727697764
0.09587109694239966
0.09587350390706388
0.09587488106661363
0.09587694090746432
0.09587890702630897
0.09588866770931616
0.0958911640795064
0.09589246826131478
0.09589273694484912
0.09589391970688112
0.09589515653894132
0.09589640583980094
0.09589654490953835
0.09589676797104395
0.09590196171987204
0.09590213499174859
0.09590780282121283
0.09590944725041439
0.0959103200376649
0.09592398281280219
0.09592465711361925
0.09592796226151348
0.09593164881239115
0.0959320428355965
0.09593799847957944
0.09593885816100733
0.09594292171302286
0.0959457611311215
0.09594621604342154
0.09594695859440426
0.09594885994200072
0.09595113023911658
0.09595454556110862
0.0959549066204197
0.09595578181114185
0.0959615637570031
0.09596270786107859
0.09596343423482134
0.09596417658540089
0.09596608391982692
0.0959664478659399
0.09596653160438763
0.09596765272522699
0.09596845015111265
0.09596866478175742
0.09597343374698535
0.09597382066516331
0.09597449911291471
0.0959784881012693
0.0959800900911379
0.09598023888685095
0.09598044387010068
0.09598057711419097
0.09598076725783218
0.09598303639142736
0.09598341346706137
0.0959843784401636
0.09598461850759049
0.09598509932049346
0.09598517652827587
0.09598587886808757
0.09598600983752723
0.0959892181393065
0.09598994429684056
0.09599053623681696
0.0959905822683934
0.09599163144313018
0.09599190899262805
0.09599301681955495
0.09599530916096756
0.09599593482130186
0.09599749437991452
0.09599815457865164
0.09599863037921379
0.09599869240269927
0.09599870451996256
0.09599872118255894
0.0959991530796148
0.09599937947033782
0.09599949949038336
0.09599962159263377
0.09599989218448526
0.09599990252048524
0.095999943587143
0.09599999706611698
0.09599999708271333
0.09599999831504508
0.09599999998537463
0.09606463530162263
0.09610907017291492
0.09623232342002032
0.09630924529645042
0.09635017403193802
0.09655163015654208
0.09655613685659062
0.0966823954739919
0.09678651669617322
0.09686157594208786
0.09705961171681436
0.09707719177647506
0.09708333694463617
0.09735155197699209
0.09772232128703892
0.09791102646439767
0.09818402129131276
0.09829650637895822
0.09837023478223877
0.09850270668310017
0.0986080974340067
0.09886750925057865
0.09901317352422336
0.0990593966715707
0.09907937250865875
0.09918639539494346
0.09924473201631141
0.09946564594656833
0.09956654270384366
0.0997222032187818
0.09990358849338309
0.09990453706342872
0.09995540512980405
0.09999100723288215
0.10015481653265734
0.1005411672830263
0.10072955195234562
0.10075268389653118
0.10106947094648668
0.10120071310431283
0.10132817142225627
0.10133874997300464
0.1013574175925767
0.10160863929482965
0.10210025975246527
0.1021745697602119
0.1023280036062237
0.1023822524103382
0.10239261349516034
0.10254066236567463
0.10284584178845928
0.10291104541033647
0.10291876163125842
0.1029931193293726
0.10303547276254375
0.10305932821204769
0.10308430748258275
0.1031622018006376
0.10318039694693452
0.10324751115942006
0.10337712421354762
0.10344704880939315
0.10347482627565936
0.10359376114570147
0.10367796687372134
0.103766490288468
0.10381227959811166
0.10390811855105665
0.10395775376315894
0.10400132432895583
0.10400597695838704
0.10406859839377457
0.10408126617977462
0.10408841667728728
0.10411910594809272
0.10412960631056088
0.10413395136481952
0.10413922897657196
0.10414096103824155
0.10415255967724545
0.10415467193917363
0.10415488526744787
0.10416025673088897
