EDM scores
0.38163362815767843
0.38454492799571777
0.3885037578826242
0.38936669650564704
0.3915899406081951
0.39596646197395885
0.3970982788360185
0.3987325040671376
0.39999710494683316
0.40380586824367
0.4077346514860262
0.4081757308538456
0.4115086941702503
0.4116084919892735
0.4129554081716151
0.414905837699608
0.4151935495227101
0.41789442984558045
0.4204061573447567
0.4223755578789901
0.42278631627247243
0.4272166712459656
0.4275924782420589
0.42776418828472085
0.4280662013329799
0.4281828270121459
0.4292073326076786
0.42927086104559553
0.43007701428318434
0.4301834680343693
0.43044633615327016
0.43110863111928194
0.4316385821345986
0.4321648167668503
0.43244663394546023
0.432729273043181
0.4327752444180977
0.43298511664574013
0.43321397138780526
0.4334419475533085
0.43366946511386983
0.4336728515646347
0.433731393432749
0.4339154446056997
0.4339434908560149
0.4339435828975567
0.43514377648222796
0.4352415341521835
0.4356922723388027
0.43627035609208614
0.4368852490065761
0.43788111800133706
0.43790632978858424
0.44006644149266644
0.4412607250939867
0.4419760377952725
0.4422289382202252
0.44447402672713604
0.44455069799048086
0.44572728431777275
0.4472214676483083
0.4477772527541669
0.449889005310896
0.45100688479708106
0.45446547496245304
0.4549727170061404
0.45603931810523557
0.4560608729591144
0.4560945187810108
0.4561525683482969
0.45634861377629005
0.45730010736108057
0.45888529763323677
0.45965638541539156
0.46276582110340636
0.4634041391002715
0.46600307162465227
0.46650673211166405
0.46987183656806997
0.47044132726591553
0.4705487419709369
0.4733856798739875
0.47359344417217336
0.473598396151291
0.4741867285873627
0.4751079796823547
0.47608526512800486
0.47648004235356933
0.4764801314497388
0.4765152380979709
0.4765442601468198
0.4765655579798476
0.47673307193544046
0.47678883798643334
0.47693155363320433
0.47695937818413575
0.4770722581707173
0.4771629875826737
0.47718113875000423
0.47732260715210156
0.47737259265586024
0.47742761830043856
0.4776016545251288
0.4776284845948559
0.4777163377634631
0.4777978014972555
0.4779711865938307
0.47801133166606874
0.4780673375065313
0.47826296224351117
0.4785705223986651
0.47859243128116385
0.4786953976544675
0.47887013707992737
0.47900824893429333
0.47906279495706344
0.4792763104453175
0.4793128594007332
0.4794628177312533
0.47953353295290013
0.47955404453474626
0.4795675677713216
0.47960206703271224
0.479619899034505
0.47964285044879557
0.47990133234601395
0.4800488152214576
0.48023788451190114
0.4802385360264594
0.4803378673472529
0.4805412743105771
0.4807056433680872
0.4807282022531961
0.48085091614074765
0.48091555008294773
0.4811152262419427
0.4812964136886607
0.4813198170052951
0.4817314199399711
0.4818353708401095
0.4820164433021124
0.48242879963649193
0.48258557577986044
0.4826969405128057
0.48269811125813294
0.4827331872998245
0.4828255154796077
0.4828378995137743
0.4828638737662038
0.4829226675738043
0.48320699967317865
0.4833672708212011
0.48337517669863417
0.4835076798639929
0.48356768568734476
0.4836036018056856
0.4839056017735218
0.4840141988720616
0.48426100854586707
0.48463671294016114
0.48467808166004156
0.4850231908988448
0.4852304716783231
0.48587672088312733
0.4861739931426972
0.48625580025414455
0.4869641890430865
0.4870792016509955
0.48712367191638667
0.4871821651080255
0.48754135450442654
0.4883290185124202
0.4890545069980342
0.48919278046293163
0.48951997115296614
0.48961208031298503
0.49026834932775376
0.4934408107878265
0.49555735833204545
0.49599967524673727
0.49655046696119304
0.49711599878264395
0.49724440761865507
0.49728641533938384
0.4975704985050799
0.49774222758089937
0.49925273497082767
0.5001497284001399
0.5002451655639091
0.500260802472363
0.5018284295297935
0.5028170576271315
0.5038966387136409
0.5039318663721877
0.50453442401758
0.505662565044357
0.5056839532367238
0.5065474021113217
0.5075566275274821
0.5079272758273303
0.5089068563164442
0.5091301077714656
0.5094370107749824
0.5119508351946676
0.5149899687655406
0.5151455979142939
0.5159760747903407
0.5164119460720796
0.5206697713225241
0.5212311155115497
0.5244422741793425
0.5260070689269416
0.5264610352507297
0.5278659098058216
0.528593228194572
0.5288699289685063
0.5290256871149349
0.5299494857384686
0.5315175378034909
0.5319832904616928
0.5335424360513681
0.5337437040405698
0.5345278941630065
0.5387568018566832
0.5846226844337025
0.5855701902976319
0.5860732527092875
0.5864211576753844
0.5864880541927497
0.587300376839058
0.5873251947369506
0.5879420744093128
0.5879732032823709
0.5882787084212299
0.5893541106003174
0.5904537544243994
0.5906293965699653
0.5906655546785001
0.5930717549243129
0.5934864672412099
0.5937957491300169
0.5948939777788363
0.5953592690678421
0.5969763016288966
0.5982712243054034
0.5982995165587458
0.5988412741044555
0.5994894788255761
0.6016067999849537
0.6016088604298524
0.6021096937274191
0.6051006640397053
0.6081288955522355
0.608598731598032
0.6088396836411009
0.6094512577393032
0.6095495501540491
0.6106071839824796
0.6109490714098785
0.6128240836646907
0.6131323041290561
0.6135111994854642
0.6140269337405291
0.6164913605980132
0.6174136048480375
0.6183819774642919
0.6199760991898093
0.6201143343033405
0.622727659541756
0.6228789328200343
0.6235284932319944
0.6241462496098897
0.6241993648648335
0.6269565506322349
0.6281272582678847
0.6281464293333024
0.6310112963950967
0.6310209785692233
0.6311219053306957
0.6312648226085629
0.6314916604195958
0.631524069275486
0.6317531692722348
0.6318076702519215
0.6319950569219157
0.6323861663714423
0.6326396760519648
0.632649181060088
0.6326777133489158
0.6328257918750012
0.6328764589908935
0.6330053366671006
0.6330711405065871
0.6331180664070175
0.6334277021854824
0.6335057192256914
0.63358725597407
0.6337465210484227
0.6342216251866678
0.6342455875726326
0.6346869840656545
0.6348044486289033
0.6351551357609347
0.6355958342772852
0.6357325062126501
0.6367872342189793
0.6371938697618185
0.6372777497265065
0.6372858765537509
0.6373941584394699
0.6383290858017264
0.6384225676438674
0.6390861469905671
0.639114847758633
0.6391213164126022
0.6393225716577678
0.6394918855571771
0.6397404262101901
0.6398778659683743
0.6398798990132083
0.6398990367560541
0.6400852418037867
0.6401100496798154
0.6401761542393641
0.6403519512603423
0.6403906594795946
0.6407590600715448
0.6408661914360386
0.6409046701941384
0.6410885417878703
0.6414593102048288
0.64150848123442
0.6415484415927377
0.6415746107540555
0.6415968443793897
0.6416974698202896
0.6417221086284836
0.641822208587235
0.6419158317310261
0.6419490421983846
0.6422508490315384
0.6423038692799613
0.6424720050788149
0.643341140877235
0.6434626692780576
0.6434970631556428
0.6436491420591262
0.6436518579550398
0.6436809896176068
0.6436858447414564
0.6441315183881147
0.6441393248264713
0.6442971147523936
0.6444953248313428
0.644564100395633
0.6447656500299301
0.6448179749663772
0.6452690613318798
0.6453478993809918
0.6455085740257375
0.645667493655204
0.6457921229824707
0.646176743632179
0.6464372455518749
0.6465953778493113
0.6467187187210601
0.6467633410533834
0.6468524894027602
0.646932563431083
0.6470543053262136
0.6471904753507336
0.647400030015956
0.6477109833688798
0.6479255315802835
0.6479748578248277
0.6480423229007293
0.6480983639697114
0.6482136981476712
0.6482549074722589
0.6483289236005486
0.6487276659512399
0.6488095177753058
0.6488613458659046
0.6490017543331054
0.6490653988739591
0.649123842969562
0.6491963823321112
0.6495887742680255
0.649653841690637
0.6500611892376287
0.650275875663135
0.6504050173126984
0.6504122174343593
0.6504611008191289
0.6505044587320475
0.6505192519138586
0.6505832139135744
0.650611992594011
0.6506757704633621
0.6509316861754554
0.6511106863642458
0.6512062312189237
0.651312375882926
0.6514201761306877
0.6518000420532905
0.6520136911336624
0.6520804192461346
0.6521519339841851
0.652264940224277
0.65229835671395
0.6525090628866925
0.652551482317049
0.6530252082078682
0.6530769855686177
0.6533112992632591
0.6534316823948412
0.6534368050723159
0.6536285885934945
0.6537110524817669
0.6540521776521505
0.6541138494703107
0.6541410503303433
0.654175590012801
0.654217026388674
0.6545431106873357
0.6546868997414057
0.6546994058829938
0.655043187883922
0.655200956492998
0.655430912349098
0.6555290289247714
0.6557344189662124
0.6557548851401105
0.6557909030898447
0.6558085780230176
0.6559238123884684
0.6563426299274094
0.6563990053997492
0.6567423379174787
0.6567733291719771
0.6567957433774972
0.6569875754890618
0.6569962688361779
0.6571942409929609
0.6572094379327099
0.6573462741582745
0.657390228444077
0.6574833978478234
0.6575192495868059
0.6575342318844056
0.6578322442467697
0.6579463586339295
0.6580061527255819
0.6581298832507964
0.6581620821257483
0.6582807055873496
0.6583943776648612
0.6586327508573898
0.6586974398045222
0.6590435181605909
0.6592675518912801
0.6593247831158402
0.6593542003780684
0.6593812172596187
0.6593922182484363
0.6596247411350972
0.6598102207346828
0.6599087465734057
0.6600269713012601
0.6600370347042407
0.6601552072418118
0.660244707343281
0.6602478312927055
0.6605627298291732
0.660626931502682
0.6606488132231907
0.6607201122877561
0.6607810157095505
0.6608559828359996
0.6611870408707562
0.6611878879977208
0.6613192675490777
0.6613400021997956
0.6614344326332583
0.6614695964870938
0.6615105970725227
0.6615876766557557
0.6615879753622198
0.6616448094204092
0.66166091045365
0.6616633865428291
0.6616665262697639
0.661673899250773
0.6616894841217721
0.66175202835438
0.6617692707474626
0.6617936382384785
0.6617953385893616
0.6618013511093865
0.6618262763588216
0.6618376861897939
0.6619238392712729
0.6621054261690748
0.6621538974333875
0.6622296001799528
0.6623887993784046
0.6624740959016416
0.6625042825656171
0.6625421171315699
0.662641417711343
0.6626532469841405
0.6627641811229743
0.6628656627578281
0.6628701640342606
0.662914636476083
0.6629214327339882
0.6629715205322931
0.6630506223307161
0.6631463150742194
0.6631869310146296
0.6631908716590366
0.6632284301625452
0.6632301153150716
0.6632590707016168
0.663310217837278
0.6633126851397576
0.6633937093816237
0.6634270256222584
0.6635816217253417
0.6636153148521745
0.6636764914095049
0.6636811067461094
0.6636813457548638
0.6636938354391616
0.6637099583612631
0.6637483997956501
0.6637573352710079
0.6638432256037033
0.6639293832110614
0.6639839362317405
0.6640097466566569
0.664045551535194
0.664086040780299
0.6640887984361796
0.6641193632908146
0.6641298058322196
0.6641391379241951
0.6641559265504119
0.6642648743132388
0.6643025720571404
0.6643749595324566
0.6644401288724353
0.6645415062152561
0.6645905945523419
0.6646077565989732
0.6646237888916691
0.6646559788882548
0.664698425888973
0.6647543771065945
0.6647681646207041
0.664817793293396
0.6648371133170372
0.6648899139016641
0.6649395781988828
0.664946561852988
0.6650011214324023
0.6650358440739139
0.66516922354393
0.6651944091078845
0.6652104635107177
0.6652136455998963
0.6652244393106772
0.6652325308812453
0.6652617823166362
0.6653140365300145
0.6653238434674649
0.6653802086273529
0.6654082722778093
0.6654267064985753
0.6654367003115701
0.6654503893784303
0.665519088442305
0.6656059045464688
0.6656892530116264
0.6657488848015864
0.6657545703124228
0.6657685700912288
0.665788230905384
0.6658278962956864
0.6658341375988948
0.6658759690193197
0.6659137866258255
0.6659350764641233
0.6659832266056054
0.6659879939012249
0.6661222278860529
0.6661704422111667
0.6662038839885621
0.6662792725950809
0.6663078946875967
0.6663242276527832
0.6663335579407214
0.6663520423292246
0.6663590101788731
0.6663611747627243
0.6663668463863697
0.666405399349488
0.6664509668366093
0.666516088972149
0.6665220570597438
0.666560738189744
0.6666679250087918
0.6666742020153972
0.666719707191345
0.6667947074364354
0.666824193003415
0.6668505148317123
0.6668526404485351
0.6668968057558623
0.6669470045295274
0.6669577445598429
0.6669584281769687
0.6669603930320829
0.6669635933990377
0.666980900923457
0.6670215793009096
0.6670280516845014
0.6670387749535289
0.6671405528672217
0.6671469141638317
0.6671917793646137
0.667214642553537
0.6672473674136598
0.6672494965969834
0.6672668406760802
0.6673070870077755
0.6673614284664674
0.6673784543327805
0.6673879659790956
0.6673943459388582
0.6673997079939921
0.6674080883991196
0.6674271420648756
0.6674489379379257
0.6674990141860827
0.6675557354110536
0.6675827746155905
0.6675995911158864
0.6675996285961291
0.6676639222553331
0.6676663675149007
0.6677148157118467
0.6677396501569837
0.6677616048263795
0.667766491567373
0.6678299527420992
0.6678300530732557
0.6678373944342615
0.6678542592047889
0.6678678678090875
0.6678724831956706
0.6678823284052332
0.6678940088132088
0.6679082941947238
0.6679168537129434
0.6679315649381332
0.6679731979075861
0.6680053376761138
0.6680250750729881
0.6680415521476084
0.668098983769581
0.6681381018023659
0.6681456091334288
0.6681730416162223
0.6681859981632541
0.6682074007712753
0.6682205346413083
0.6682303876611428
0.6682435483751008
0.6682502600090808
0.6682603529569573
0.6682905875552956
0.6683259422397767
0.6683444582943404
0.6683545708215899
0.6683598001070893
0.6683659568173715
0.668371233220189
0.6684046370183486
0.6684150533474594
0.6684368807699403
0.6684802204596284
0.6685726973813263
0.6686136126526311
0.6686379607913492
0.6686430068288041
0.6687235094326912
0.6687395323343565
0.6687434182224149
0.668884775246377
0.6688859358706329
0.6689041349572968
0.6689128732474329
0.6689146908513174
0.6689349318479719
0.6689357929566309
0.6689579726574149
0.6689844358998775
0.6690025601433157
0.6690068116196565
0.6690369643185081
0.6690445947461613
0.6690741427982545
0.6690928576969343
0.6693035691800966
0.6693236764695477
0.6693386280101377
0.6693461821240025
0.6693772144572107
0.6694219662355236
0.6694326395163546
0.6694524996710511
0.6694616395036086
0.6694634152079951
0.6694814823282694
0.6694823065361674
0.6694882591834385
0.6694993104711073
0.6695150186462898
0.6695901769069913
0.6696012754394517
0.6696015065815468
0.669607465285826
0.6696343719654055
0.6696466649525163
0.6696533494355624
0.669658514510993
0.6696820611548896
0.6696907810481955
0.6696971714386867
0.6696999463414761
0.6697020022109607
0.669740957515399
0.6697427337271458
0.6697452779681122
0.6697709968198571
0.6697824447452408
0.6697981662068424
0.6697995302893366
0.6698001200310864
0.6698068162229693
0.6698080554570763
0.6698317473329634
0.6698647743738377
0.6699103880528751
0.6699415703766315
0.6699509074845239
0.670010375186281
0.6700118097142569
0.6700221681944878
0.670044780623818
0.6700876844172915
0.6700908919090954
0.6701145767606898
0.6701297667400237
0.67013302575608
0.670136724169547
0.67013808012345
0.6701402807984388
0.6701454402070305
0.6701514615727174
0.670157706004595
0.6701602194534226
0.6701801258449027
0.6701860117527826
0.6701949115281486
0.6702080137519782
0.6702126223567286
0.670228499061016
0.670248175972828
0.6702549500291476
0.6702740357024171
0.6702847228863414
0.6702931635657448
0.6703039894705098
0.6703166688053006
0.6703181157453897
0.6703414937278945
0.6703453592223104
0.6703512229690521
0.670353698618774
0.6703620049315945
0.6703631252420438
0.6703657896881389
0.670367261004787
0.6704061901203692
0.6704063168784621
0.6704211043407553
0.6704228923575704
0.6704393380461895
0.6704394050475804
0.6704395703136888
0.6705045362800757
0.6705046921719517
0.6705158381265901
0.6705659238896526
0.6705713013772379
0.6705727048448594
0.6706371638715583
0.6706451459985837
0.6706609954340473
0.6706623561137666
0.6706814179255941
0.6707063418814508
0.6707214701257562
0.6707264549107502
0.6707329054760932
0.6707382544185627
0.6707442319853015
0.6707482788115349
0.6707746919056351
0.670775047697931
0.6707766478323546
0.670783160779492
0.67078397904551
0.6708453176997485
0.6708685068749035
0.6708746377582593
0.6708833457487041
0.6709538567736953
0.6709572576939237
0.6709584591439374
0.6709756379077382
0.6709884884244872
0.6710069780314395
0.6710104972348975
0.6710246501990835
0.6710384610913456
0.6710452485337992
0.6710483743404593
0.671067735772754
0.6710827875829436
0.6711242257526612
0.6711344402433432
0.6711381379212181
0.6711483391252463
0.6711488948991587
0.6711574911050219
0.6711583695892134
0.671202788878021
0.6712063246465391
0.671227822148667
0.6712492402684
0.6712602562463227
0.6712685997247538
0.6712991402237836
0.6713257721514175
0.6713479279498837
0.6713508397653183
0.6713701172835609
0.6713758412290775
0.6714070374755878
0.6714165290205982
0.6714298006342773
0.6714298769389624
0.6714306538310344
0.6714540402644256
0.6714597941595759
0.6714735112806348
0.6714845878970171
0.6714889666783865
0.6714967380273633
0.6715414383073142
0.6715417019433163
0.6715473661152067
0.671566831271283
0.671580055706902
0.6716003492190044
0.6716084178822874
0.6716089678427
0.6716094754168667
0.6716207284295861
0.6716331470318542
0.6716439100686649
0.671644932271078
0.6716486910638746
0.6716494823590669
0.6716525026013652
0.6716528870972985
0.6716539903869347
0.6716652793252879
0.6716670527499132
0.6716922108593567
0.6716930567053996
0.6717019322485596
0.6717041338691342
0.6717046158455225
0.6717073903395314
0.671749177198467
0.6717497387103099
0.6717502741717457
0.6717579644211921
0.6717580418278563
0.6717589244387957
0.6717649656180814
0.6717671920748091
0.6717840876707916
0.671791497297341
0.6718004521691048
0.6718032604398849
0.6718047127280292
0.671813347644682
0.6718208457784247
0.6718264873358276
0.6718296073467799
0.6718316693572848
0.6718390624272357
0.671840038648568
0.6718406639347563
0.6718414175765348
0.6718462308675124
0.6718499679344476
0.6718522344695506
0.6718540343262828
0.6718661399983926
0.6718746175400198
0.6718769487638944
0.6718776554660241
0.6718803947464507
0.6718847587459449
0.6718855372146789
0.6718869740521713
0.6718883669217683
0.6718946483609849
0.6718996774537866
0.6719056557360897
0.6719087730740706
0.6719274321109789
0.6719302798134105
0.6719304957077229
0.6719327669451656
0.671934506105296
0.6719369710817402
0.6719376988055261
0.6719415021924955
0.6719419626532602
0.671943422303873
0.6719471195896349
0.6719474433498758
0.6719527151259832
0.671953027834198
0.671953583469254
0.6719538047447269
0.6719543668448538
0.6719623133621582
0.671963084273669
0.6719648787935014
0.6719684053485537
0.6719719435454904
0.6719788337478784
0.6719803063956898
0.671981101416414
0.6719815732352478
0.6719821009389755
0.6719831494308017
0.671983347764824
0.6719863449417822
0.6719870753424119
0.6719892613603281
0.6719897873312858
0.6719899580312858
0.6719909831119144
0.6719913123633124
0.6719921999347394
0.6719924961701038
0.6719925219369131
0.6719934787472037
0.6719939057614982
0.6719939968769735
0.6719961943879154
0.6719968074116445
0.6719978245881932
0.6719986572985654
0.6719988526948284
0.6719990511519356
0.671999614567192
0.6719996549363733
0.6719998685078301
0.6719999549833229
0.6719999680810115
0.672999150545835
0.6749836147687279
0.6751988749364056
0.6759547841869679
0.6764082167877177
0.6773868106067945
0.6776136556115624
0.6779846192370745
0.6794915342643225
0.6812151623983964
