EDM scores
0.07200076367059549
0.07200150065297677
0.07200679835404289
0.07201364696737544
0.07201648290036972
0.07201830676967445
0.07206122897371332
0.07212572969790222
0.0721872419779118
0.0722532509799213
0.07238972151405548
0.07239813666904728
0.07242943946627307
0.07247559577319773
0.07260274678647917
0.07266154997712174
0.07271392972985548
0.07303660942595658
0.07323797219947961
0.07323865107509263
0.07358218552676452
0.07378954973016931
0.0737920531088029
0.07394047592608147
0.07394562670879513
0.0741653799823398
0.0741738782118538
0.07422078108794791
0.07511822029973071
0.0752436604097233
0.07554038939433429
0.07564431285276309
0.07594814137150444
0.0760389728985821
0.07607230558431476
0.07613000362276028
0.0762483987765875
0.07633420088970284
0.076350615662054
0.07657282833636006
0.07662384430649145
0.07723491637870995
0.0775690647934812
0.07770055042182085
0.07831092304626197
0.0783626497466807
0.07874004553577672
0.07889628569076204
0.07963393838808495
0.07977713091560232
0.08014098647296398
0.08149379677431005
0.08194897597793303
0.08211717192579006
0.08215780200239024
0.08216443836291228
0.08231132536229385
0.08253181749968352
0.08321423418408547
0.08323107927747399
0.08324835147484563
0.0837229888119838
0.08437948527653646
0.0845253578263991
0.08468960443639098
0.08474042863772356
0.08521144952043656
0.08536019299348364
0.08549621438948361
0.08622584080113224
0.08624959206180151
0.0865891632500505
0.08662822857251674
0.08676345752780243
0.08683169385828705
0.08851719103521516
0.08856858722286622
0.08866706475958656
0.08870717038040199
0.08895332788355914
0.08925884432734578
0.08927138526371889
0.09039933657358394
0.09053425743055821
0.0908860399650151
0.09094067559223973
0.0910706095217443
0.09184669798801365
0.09216160251683231
0.09244484333366447
0.09246731985899535
0.09259655013855085
0.09294068496948832
0.0934951842688895
0.09371822781573466
0.09433953157162615
0.09445365651627868
0.09455660608811879
0.09587908370354116
0.09630497156101485
0.09791724761038186
0.09795663639540819
0.0980394642919686
0.09952418515596116
0.09953569621165208
0.09998299912188516
0.10050810575655517
0.10069183195389536
0.10117668131394272
0.10160876732706707
0.1019616579913619
0.10220728957021677
0.1024808258506769
0.1029020564609908
0.10292448694861303
0.1033396560146906
0.10356531615222743
0.10375588860803883
0.10387582985724989
0.1042068013641451
0.10488080649921229
0.10564471465369248
0.10568193265069349
0.106955471408175
0.1073213818400053
0.10792458037191695
0.10797395339665326
0.10800766413111405
0.10820640653196886
0.10869981556569809
0.10875909551802836
0.10892113982268027
0.1094975367085852
0.10952369459226566
0.11009457051764976
0.11020732431244795
0.11056597342339068
0.11062055896917186
0.11079044498005036
0.11104846160444544
0.1110767809375771
0.11114656487160786
0.11178529725642056
0.11213649200151747
0.1128731801444402
0.1129809405878989
0.11361465484206447
0.11412009813847926
0.11441171192492139
0.11456305856465403
0.11470549042380532
0.11529837250284014
0.11532171169909589
0.11561585311537524
0.11651789233349942
0.11656678996124459
0.11671093761993441
0.11718648103803031
0.11726703997414513
0.11856211811532084
0.11923523506588592
0.11957350543230776
0.12010792112434997
0.12028766557259289
0.1204120903754606
0.12084192248391296
0.1224382024689754
0.12274598148581055
0.12289192324860451
0.1229053416104369
0.12334256367851569
0.12345940777449049
0.12364645787485468
0.12399288372570211
0.12401422799416148
0.12417835307016278
0.12450774541128971
0.12491820942984554
0.12502533994076112
0.12509413202642358
0.1250955778260623
0.12527262961336072
0.12539996965221045
0.12585456259105104
0.12593907847214536
0.12679141397730861
0.12694109166197784
0.12698855193553982
0.1270002711313936
0.12723039763109553
0.12751483760334478
0.12863647279533474
0.1288790006558055
0.12931585879346078
0.1296025709966302
0.1297611455871111
0.13001754711643723
0.13029749071219365
0.13080911256887037
0.13108551965283724
0.13109395341863614
0.13113902661584168
0.13143375207001903
0.13148560183930272
0.13171169772059046
0.13179381162162612
0.13212219026712474
0.13237082557655303
0.13250301760712885
0.1325836547272489
0.13280442136670645
0.13303135841453242
0.1330376707984059
0.13308664288436572
0.13315117701670887
0.13355114272062144
0.13358836280959854
0.1336443782562252
0.133664082564388
0.1338509956143087
0.1340158308454822
0.1342221492811202
0.13427035080036684
0.13445444469008505
0.1351727464939115
0.13530411702548314
0.13568052546220905
0.13569519701661137
0.13599624107160044
0.13600003041911538
0.13600004801015012
0.1360003556138729
0.13600336108799368
0.13601269210315667
0.13601566140662458
0.13602238369354067
0.13602354684190024
0.13603333765300582
0.13603463005741276
0.13603941571961503
0.13605783561393206
0.13607367357437122
0.1360840623786088
0.1360850497537388
0.13609938927426163
0.13611467176446454
0.13613771409428732
0.13616193164306073
0.13617191253437727
0.13620362373329348
0.13622512622765148
0.13623224883524088
0.13628488281935794
0.1363047729538092
0.13637684221768928
0.13641306653915744
0.13642276071083265
0.13644417647266285
0.13646407109344422
0.13647551653043577
0.13650680107497784
0.13654633710114214
0.13654649708451178
0.13658669399312778
0.13659561724038252
0.136625690284654
0.13663070902721933
0.13664594633346677
0.13666511278784274
0.13667623089959874
0.13669540615547054
0.13669682237008038
0.13671645913123176
0.1368372873915434
0.13683909722330848
0.1368744172284993
0.13687534554898287
0.13689733839025606
0.1369126097399557
0.13691861469785915
0.13693226492291768
0.13693584560777472
0.13697085179645502
0.13697677946241923
0.1369810270478595
0.13700928835069237
0.13703533922543049
0.1370688650043403
0.1371722600603266
0.13723201562553744
0.13735390608244766
0.13740956057211368
0.13742443518721303
0.13745637008367734
0.1374990583671709
0.13754216318951248
0.13755986714448237
0.13761422244932178
0.1376187749200735
0.13774634361405952
0.1377480192684664
0.1377951977641678
0.1377971604765396
0.13780960293368075
0.1379571410971623
0.1380542426451899
0.13805982233481254
0.13809899446124232
0.13811186725949331
0.13816760965231648
0.13827830137378885
0.13828054737116685
0.1382829507109706
0.1383461579557238
0.13843673554092553
0.13845271577695678
0.13849856655440393
0.13854682710865981
0.13855228072218093
0.1385706127429764
0.1386494068921888
0.13868587651401063
0.13871011010058598
0.13901287205251564
0.13917845715249405
0.13919314509562733
0.13923380086253778
0.13927601517339075
0.13931858461752855
0.13944638566946452
0.13946995039185162
0.13956306028023863
0.1396072542108867
0.1396151701583467
0.13966516874649737
0.13976367648652252
0.14005976056175318
0.14009019579460424
0.14025166255756535
0.14034079680916045
0.14048118620327507
0.14059601742626396
0.14061050118260726
0.14061538862635423
0.14081946758519143
0.14101086314034975
0.1410493765812556
0.14119680969690784
0.14127426961471617
0.14139846881772802
0.14152179680618984
0.1415245411576325
0.14161584182781997
0.1416169119667925
0.141697164539439
0.14205121358140876
0.14241814881149087
0.14258750979681534
0.14259130807940498
0.14268016742010733
0.14269811506281396
0.14271732262103676
0.14286391948733854
0.14327046781622826
0.1433106775390776
0.14335070369519337
0.1433621905632562
0.14343200971941425
0.1436777590523336
0.14377963683091685
0.1437891760440241
0.14415189911512896
0.14453188488538424
0.14458824569374845
0.14464698534400458
0.14467396952736283
0.14470563614011894
0.14502306155081174
0.14522300535533222
0.14523505270443374
0.14552198304674596
0.14565243107215028
0.14582328309367917
0.14588197057992822
0.14604239035450367
0.14634447597187678
0.14643165053000445
0.14647746631818048
0.1468031868438054
0.14712933757051658
0.14714127837431484
0.14715906140520246
0.14716479582820866
0.14727464912401994
0.1475208572651497
0.1475742247052644
0.14776671737236868
0.14797566791484654
0.14830123906498985
0.1483173453136406
0.1483497581272929
0.1484864724410783
0.14866083090960255
0.14875551262757605
0.14882325774993335
0.14963794332132413
0.14966583443686204
0.1500559285086599
0.15027782600802095
0.1503775181687958
0.15056568932249728
0.15057651801217242
0.15062122392636115
0.15069705497655442
0.15071016537717552
0.15072464301155222
0.15083743354468848
0.15136319130452106
0.15142697462037913
0.15150352660588198
0.15150603930849263
0.15155981719443315
0.15182946317939924
0.15197146874513887
0.15200595843068695
0.15233050937765422
0.1523503711139767
0.15236606342368353
0.15251363973241602
0.15256401579821524
0.15268280129131928
0.15271143816856134
0.1528925733712804
0.1531535918944939
0.15318685844466554
0.15326340821531154
0.15329033080920726
0.15335710490934606
0.15336643152381138
0.15348737450866973
0.15365934588747177
0.1536849854339775
0.15370895408902202
0.15378885712556414
0.15381647802341547
0.15444280610779104
0.15447244178928177
0.1545180668393774
0.1547296003036896
0.15481600332985326
0.15495015250764016
0.15507666362284356
0.15510617865325133
0.15548583436232005
0.15603284304645273
0.15608348388362248
0.15674080614586897
0.15729363488671871
0.15734095255080877
0.15760596141110106
0.15876565722232597
0.15895639604823456
0.1595763389961992
0.15978252020401731
0.15984679663729728
0.160257904086738
0.16037491782801558
0.1605301316020393
0.16062638598482556
0.16107502825764985
0.16147638573105366
0.16150820138715985
0.16187580503381047
0.16187697091580214
0.16201946004504866
0.16215992507061192
0.16256281586946153
0.16295410263572063
0.16325480425641728
0.16341672027570942
0.16346108695518333
0.1635032619816303
0.16463961310028438
0.16472686957845128
0.1647379791456062
0.1669275609130773
0.16787636500394434
0.16820019687663845
0.1686052945973109
0.1686080643340996
0.16876210965575314
0.1687637060492778
0.16975247379794842
0.1698312835130809
0.1698800342642374
0.169923670377056
0.17033133372974812
0.17038094953612137
0.17078787165710993
0.17112972865443732
0.1717702036800876
0.1725164300323834
0.17266678212285086
0.17294305439561458
0.17311780144098626
0.1732382213260558
0.17369627691592932
0.1741260308462153
0.17484983675968915
0.17495759285936932
0.1757193196742352
0.1759234500678492
0.17639215984353507
0.1772585722829669
0.17791733763449538
0.17825538707034255
0.1792868085753104
0.17934737948887033
0.1799915059048941
0.1802967368717836
0.18040746783027073
0.1804466736458384
0.1805020506416948
0.18056766946898573
0.1806016788869722
0.18065963753571612
0.18072784697275596
0.18083020471654904
0.1810541308420766
0.18108381793370076
0.18116594682966353
0.18118774449559802
0.18122183777748738
0.18158732237766714
0.1816135501335293
0.1817201466385105
0.18187887274391557
0.18194016026486592
0.18199451957228022
0.1821483010190485
0.18231109409720764
0.18238312503641693
0.18239403112647756
0.18245560202135305
0.18269686426043372
0.18273291926670482
0.18275588084554403
0.18284401773394401
0.1828607242597371
0.182891048525945
0.18290684326865841
0.18293308409553335
0.1829869220154006
0.1830063605189413
0.1830273588513196
0.183463354582244
0.1834768857324389
0.18356133949717485
0.18364960668443273
0.18386711102981346
0.1838697930477037
0.18395716600723044
0.18396271628608854
0.18396335363760602
0.18404533526222275
0.18411171385942116
0.18417452605016857
0.18423927459618544
0.1842857074900462
0.18447180859216095
0.1844871881351356
0.18453460024140877
0.18453569666971684
0.1845934456206654
0.1846058160737593
0.18465846445539344
0.1847411261796312
0.18477580784489275
0.18491653075390208
0.18492752209643917
0.18501329941953512
0.18505978153941546
0.18509108749760067
0.1851974463190887
0.1854208079453277
0.18542274841612436
0.18549218534737968
0.18575658034137846
0.18576059059250938
0.18578189267925432
0.18583738971652156
0.18589300816458312
0.18589943149471516
0.18600983179474384
0.18616723282373077
0.18616949114254666
0.18626015654277456
0.18630366699246648
0.18636565224435248
0.18639608843175037
0.18646517053823788
0.18667747194153014
0.18670990643668375
0.18680575066251848
0.18687797407878376
0.1869146995207958
0.1869228808145263
0.18697926609435447
0.1870625065746122
0.1872672035980626
0.18728420903089932
0.18730667352588484
0.18733387930931245
0.18743500889630438
0.18743523634292353
0.18747412606855698
0.1875044369830536
0.1875780503899809
0.18762244436735598
0.18764155363560478
0.1876505924341714
0.1876734910187332
0.18780212824305573
0.1878223319854522
0.18787557347294984
0.18787645949741832
0.18791390380828485
0.1879344032691713
0.1879654164031191
0.18798938801122322
0.18802783371409346
0.18815833023476009
0.18817208289787354
0.18818381833966583
0.18818817422792614
0.18819651254291847
0.18826381364965605
0.18829206500742796
0.18842371425363263
0.18855017171917865
0.1885603889408688
0.18866956865984616
0.1886992270958003
0.18870744584184954
0.18881306676340134
0.1888175281433694
0.18888091366135773
0.18890395849376568
0.18896019868350378
0.18896960647314867
0.1889771154179896
0.18901771805150383
0.18906321334260967
0.18907505020146168
0.18910008196681652
0.1891028112339013
0.18911035490446226
0.1891494432347946
0.18915723520650576
0.18919203008678065
0.18919348582040238
0.18920434681202833
0.18922279208056073
0.18926472117735382
0.18927639364468432
0.18930780379688134
0.18932410307656716
0.18933176410719937
0.18933302091266566
0.18945554846637047
0.18953887663154026
0.18955062794177732
0.18957594229967517
0.1895969841175325
0.18959802024446049
0.1895997541856802
0.18968421528992677
0.18970806748298408
0.18971715040771703
0.18974654590473597
0.18975468768660608
0.18976603976152207
0.18981695602247453
0.18985336232672365
0.1898651335424171
0.18986762230660503
0.18994885418104382
0.18995449304168666
0.18995505489474016
0.18997833722663124
0.18998724727421154
0.18999003057134506
0.1900151554778273
0.19006722224804068
0.19011404747454577
0.19013603911808166
0.1901430279262267
0.1901581276442918
0.19017049057671329
0.19018344535922113
0.19029982921405103
0.19033747483009147
0.19034660592394445
0.19037514979469417
0.19050659141029316
0.19050947339516067
0.190568500834483
0.19057916742156636
0.1906165011179755
0.19061729507763261
0.19062777134399547
0.1906301260921778
0.19064009286740718
0.19068182124944885
0.19069044972166005
0.19071242785597892
0.19074415292132196
0.1907495580812765
0.19076935795824793
0.19077237460701427
0.19078225081852082
0.19081674180931918
0.19084157134728946
0.190845441143814
0.19085582983510133
0.19086021295892597
0.19086071617129505
0.19088086539280738
0.19089596288983096
0.19092541460209317
0.19093124350405735
0.19094134388555611
0.1909562531120999
0.19095776948494317
0.19098423133288783
0.19101330659441942
0.19101462021211196
0.19101803546855503
0.19104550586167002
0.1910461534756347
0.1910484863542991
0.19105081377162556
0.19106159866996497
0.19106348677404034
0.19108112340839206
0.1910910258392124
0.19110342086488025
0.19111377584491754
0.191119954854852
0.19112133109604004
0.19113547839498143
0.19114842125826104
0.19115315434096672
0.19115414286599117
0.19116465254205486
0.19117308928564442
0.19119624220620166
0.19120891053904734
0.19120998316665486
0.19121062088473478
0.19123647936319804
0.1912472543379787
0.19128551985285192
0.1912881098066025
0.19129110174868177
0.19130733392510435
0.19132400197307525
0.19134476348701057
0.191358878865033
0.19139294478580074
0.191399190703071
0.19139971192334418
0.19140393164613273
0.1914072146345925
0.1914077354617892
0.19141837542288764
0.19142154687650323
0.19142274997233127
0.19142702300086537
0.19143661774381
0.1914415438967011
0.19146931420071775
0.191472324942057
0.19147576562622776
0.19148393854717763
0.19149916331325909
0.19149966903514887
0.19149970943249833
0.19152526224716296
0.1915283401665166
0.19153866481947773
0.19154504992447852
0.19154761491272893
0.1915574549792893
0.19156015050337502
0.19156104254258807
0.1915642104719736
0.19157454930818482
0.19159625386074028
0.19159993965853203
0.1916203169763266
0.1916232674595245
0.19166741197507392
0.191670115359357
0.1916762572954101
0.1916770664121423
0.19168864376439623
0.19169179562144037
0.1916990663855066
0.19170337946388655
0.19170843929908463
0.19172142394586805
0.191738070372006
0.19175203862843493
0.19176461874708253
0.19176814581916646
0.191769807122884
0.1917821584882845
0.19178851731091764
0.1917997228457871
0.19180450510660504
0.1918064673637746
0.19180825827379547
0.1918103361318812
0.19182264995825674
0.191828468023339
0.19183708482095738
0.19183822359791405
0.19183883721633396
0.1918404340680917
0.19184597619503502
0.1918470095169549
0.19184755138376713
0.1918492115090291
0.19185010673751188
0.19185025042696946
0.19185983162983825
0.19186208259843548
0.19186587247714676
0.19186673350897712
0.1918706276148286
0.19187273102084085
0.19187417046076982
0.19187989502154143
0.1918813247789206
0.19188591675007033
0.1918975749176051
0.19189819443696263
0.19189955496636477
0.19190026216629524
0.19190270569451645
0.19190399139353626
0.19191343757858276
0.19191659309925205
0.1919258568198438
0.19192839312291077
0.19193267436318096
0.191937695333137
0.19193871550119582
0.19193876318118047
0.19194522719642598
0.19194575119279067
0.19194636537618992
0.19194824482071243
0.19195435484689993
0.19195797211212676
0.19195867601641695
0.1919635182164493
0.19196414125405062
0.19196915104011852
0.19196921671721795
0.19197185221517551
0.1919758238905278
0.19197613750020748
0.19197770471467596
0.19197867490771986
0.1919796171248969
0.1919798134719703
0.191981143881519
0.19198515950693268
0.19198630408130435
0.19198634111358223
0.1919865214474315
0.1919906592381639
0.191990772604423
0.1919926963245528
0.19199344553569261
0.19199468854576482
0.19199656458785286
0.19199657207126258
0.19199778928999697
0.1919982682139743
0.19199830188946881
0.19199844714373623
0.19199894479014243
0.1919994784705083
0.19199980315994714
0.19199997670135688
0.19199999748708904
0.19199999999970613
0.19201413703836517
0.19232678153013863
0.19256844427768935
0.19290750613939023
0.19298199312617018
0.19304168619102144
0.1932296000115212
0.19391783194952103
0.1941957771220036
0.19432760152910283
0.1950746359049863
0.19508115878583202
0.19530505753119162
0.19535832342293763
0.1955766718441693
0.19606835778869633
0.19611242723195266
0.1961782798193703
0.19631180697549286
0.19631896187957862
0.19635030072836043
0.19750067063396387
0.19750532715216196
0.19778021636536328
0.19794827588099104
0.19802966039786205
0.19805763436441706
0.19806009683132114
0.19809420253565746
0.19813754246976972
0.19848184862590387
0.19869913048095786
0.19942755720825106
0.19965866541085858
0.1997443950845092
0.19976451911603998
0.19983058747055576
0.19989272282363982
0.20007740208423946
0.200143442050765
0.20084394553668833
0.20098194723287524
0.20105301530118866
0.20106564400880084
0.20123510692778895
0.20144163967290682
0.20159126615010178
0.20162706006898953
0.20168243090073287
0.20169190123357056
0.20185441371044352
0.20219553478300378
0.20232135667508805
0.20238633511841236
0.20294406140332255
0.20294575379208732
0.2029658190448435
0.20359582002328902
0.20418409132588636
0.20420047361924987
0.20422118758422264
0.2042863608415521
0.20431235542585632
0.2044859788490341
0.20461411593562023
0.20467039811609988
0.20469880257516485
0.20482477336710245
0.20495426472699296
0.2049638281730622
0.2049901011556812
0.20511370272550292
0.20512039402357643
0.2053719983102656
0.2062872693908273
0.2065163945541975
0.20661484187767842
0.20668027196442817
0.20708500201549843
0.207189399893999
0.20737254260263321
0.2076985636706221
0.20771142575329676
0.2078036021956747
0.20787807286453688
0.20809200523324736
0.20809428098688748
0.20816143548540625
0.20817640528451659
0.20818415111134841
0.20822337071072952
0.20824529931657482
0.2082490774746454
0.2082546213354071
0.20825478664979236
0.2082636694246643
0.20826640014067593
0.20827254790579752
0.2082957316981292
0.20830459642225946
