EDM scores
0.0
0.0
0.0
0.0
0.0
0.0
0.0
0.0
0.0
0.0
0.0
0.0
0.0
0.0
0.0
0.0
0.0
0.0
0.0
0.0
0.0
0.0
0.0
0.0
0.0
0.0
0.0
0.0
0.0
0.0
0.0
0.0
0.0
0.0
0.0
0.0
0.0
0.0
0.0
0.0
0.0
0.0
0.0
0.0
0.0
0.0
0.0
0.0
0.0
0.0
0.0
3.7479222373716825E-33
3.759920622788108E-33
3.905115876587217E-33
3.925020845464212E-33
4.027895612620214E-33
4.1490060263839265E-33
4.170339490666327E-33
4.177231241336237E-33
4.389338612773471E-33
4.426853861068953E-33
4.446951307393209E-33
4.467075679198835E-33
4.524143196585551E-33
4.620299401571073E-33
4.8697968224224404E-33
4.882528618643366E-33
4.919207307452077E-33
4.957322967570565E-33
5.170655040470846E-33
5.2256485840979764E-33
5.250337440460006E-33
5.2675018334779185E-33
5.277721763099952E-33
5.686035013323978E-33
5.866423014525155E-33
5.9120991685431763E-33
5.935305336527761E-33
5.991814734572504E-33
6.01401183270776E-33
6.128048613977732E-33
6.19173695799154E-33
6.228702895845472E-33
6.25697290810412E-33
6.261498120703694E-33
6.302247612788554E-33
6.337931833087778E-33
6.475153573291527E-33
6.542093745658165E-33
6.593426471936162E-33
6.636850015620295E-33
6.646781211157579E-33
6.671970799423226E-33
6.731741480316309E-33
6.810006459134215E-33
6.84174567132539E-33
6.899739341888168E-33
7.211648673965777E-33
7.244398966391835E-33
7.314845519219221E-33
7.380137545451557E-33
7.455229532345896E-33
7.485383507149218E-33
7.535963176388324E-33
7.644030361035121E-33
7.701015773231461E-33
7.737138194791003E-33
7.944210535471336E-33
7.991366635068395E-33
8.04459604524987E-33
8.074987532947836E-33
8.082394560676857E-33
8.320773260224924E-33
8.352427555615507E-33
8.424223866088551E-33
8.441654224741649E-33
8.52017508711968E-33
8.743763208020146E-33
8.795342379624595E-33
8.894538090847654E-33
8.927282578116602E-33
9.396002844184277E-33
9.579238296771061E-33
9.73994856969785E-33
9.998730323273004E-33
1.0113180043333668E-32
1.0393924051402065E-32
1.0477641543156001E-32
1.0518086725111302E-32
1.066856031692702E-32
1.0736255664032839E-32
1.107333577795821E-32
1.116167805994501E-32
1.1328211675200574E-32
1.1563290709818674E-32
1.1979730252236878E-32
1.1986736344017437E-32
1.1988823796223695E-32
1.203537339079485E-32
1.2184166429403248E-32
1.2249353535996983E-32
1.231013549759835E-32
1.2389007495723253E-32
1.2411542670054444E-32
1.266957805302634E-32
1.2673705540673459E-32
1.273880737919295E-32
1.275596588122506E-32
1.27580644371047E-32
1.2765895716446087E-32
1.2777351574635154E-32
1.277959163635061E-32
1.2835049805599527E-32
1.2866783050756818E-32
1.2912095640037268E-32
1.2928159726555483E-32
1.2979610667958288E-32
1.3001717571240792E-32
1.3005410192501008E-32
1.3087925924482458E-32
1.3135417579027256E-32
1.3147649394642E-32
1.314890250222145E-32
1.3153172524138419E-32
1.328913522590555E-32
1.33709745756377E-32
1.3405602864648718E-32
1.3411425209849757E-32
1.343074239640614E-32
1.3530924283061298E-32
1.3542886212161384E-32
1.3547329027534675E-32
1.3564863682019123E-32
1.3568718880175056E-32
1.356958623049271E-32
1.3594678316856296E-32
1.3607324696456438E-32
1.3661959724025238E-32
1.373976889206665E-32
1.389173913331112E-32
1.3903700654084233E-32
1.3985726496635098E-32
1.402318667177818E-32
1.416247983953911E-32
1.4240791584280726E-32
1.427057519329262E-32
1.4303244426698146E-32
1.4386452043751385E-32
1.4391086110691334E-32
1.4575939339260226E-32
1.4675567487077391E-32
1.4861360137952596E-32
1.491478245859803E-32
1.4921129624128764E-32
1.4939239141294358E-32
1.4969069830410506E-32
1.4973382528979002E-32
1.5003307552148047E-32
1.5033465187399216E-32
1.5053772578751395E-32
1.5074225998133107E-32
1.5084758973803266E-32
1.5109014532226196E-32
1.5119080515383475E-32
1.512225597601993E-32
1.512650414539116E-32
1.512868622147298E-32
1.517959722238487E-32
1.5194830781598988E-32
1.5214414142900583E-32
1.5227284125746686E-32
1.5245180976800927E-32
1.526526309922102E-32
1.5269557519347295E-32
1.5270197493079997E-32
1.5272187299177795E-32
1.527306336399079E-32
1.5322161647864798E-32
1.5332202991789862E-32
1.5352474133049277E-32
1.5363415582763383E-32
1.5376767189533327E-32
1.5394278618035513E-32
1.5398949466997926E-32
1.540207520567326E-32
1.5411936766097362E-32
1.5424110587630933E-32
1.5433273365300208E-32
1.5452339655202972E-32
1.5511612068121105E-32
1.5527134000890785E-32
1.5534793270972614E-32
1.5540683357995408E-32
1.5552055975325972E-32
1.5578722524550808E-32
1.5578852466647842E-32
1.5579068462867795E-32
1.558256069182013E-32
1.5585407092367448E-32
1.5586920097004787E-32
1.5589046146352152E-32
1.5592776529093038E-32
1.5595543722818482E-32
1.5601580274233805E-32
1.5654788613487177E-32
1.5665085926151817E-32
1.566915475803954E-32
1.5673701941793056E-32
1.567572034280995E-32
1.5682241600350944E-32
1.5691075851182364E-32
1.5702918031441873E-32
1.5720392466964316E-32
1.5722441012510085E-32
1.5727605154318538E-32
1.5729633817755E-32
1.573225666013617E-32
1.5736717891911087E-32
1.5738895390043813E-32
1.5781331422286246E-32
1.5785410712086594E-32
1.5788705174196016E-32
1.580660393302409E-32
1.581623914910818E-32
1.5857252304540173E-32
1.5889985547725777E-32
1.5896141073199644E-32
1.5917384056865427E-32
1.5944278177409242E-32
1.594874280021623E-32
1.596675216638995E-32
1.5975107151449322E-32
1.5976267687135958E-32
1.5977672584419077E-32
1.5988921656597025E-32
1.5993877393219292E-32
1.599447680055292E-32
1.6006266340353426E-32
1.6012624669150785E-32
1.6018143893379068E-32
1.6040959161828475E-32
1.6046544066709738E-32
1.6058139348116988E-32
1.6058822212025144E-32
1.608028537282115E-32
1.6085540295830795E-32
1.608805982309988E-32
1.6091170970681528E-32
1.6099034780516425E-32
1.6099637065976935E-32
1.6104158289889606E-32
1.6134616079511334E-32
1.6157585943618601E-32
1.6186893532682365E-32
1.6195261384638504E-32
1.6201693155455253E-32
1.621827664509009E-32
1.622708532264439E-32
1.6232019582592017E-32
1.623246210793271E-32
1.624076433522362E-32
1.6247178499273444E-32
1.624906262259246E-32
1.6249349768754216E-32
1.6250221351594005E-32
1.6250804273217192E-32
1.6251225694122986E-32
1.6266442918701545E-32
1.6277928168159717E-32
1.6286136536266513E-32
1.6298485249601022E-32
1.6302424090988453E-32
1.630322719873402E-32
1.6306399941862733E-32
1.631128222106453E-32
1.631447758680286E-32
1.631593137578493E-32
1.6320761410031549E-32
1.6323392655024048E-32
1.6329403884483275E-32
1.633205313757631E-32
1.633816863080365E-32
1.637381345907491E-32
1.6374478502952438E-32
1.6378356346169885E-32
1.6385626958070094E-32
1.63900045658093E-32
1.6407187282834778E-32
1.6417069636196763E-32
1.6419306938732976E-32
1.6440271065333863E-32
1.644250044070134E-32
1.6443077555980663E-32
1.6454591914165947E-32
1.6474598595538604E-32
1.648520563323145E-32
1.6507617930817374E-32
1.6512422807666764E-32
1.6513308455565608E-32
1.652735756962197E-32
1.653629338106859E-32
1.655707826062555E-32
1.656058315107221E-32
1.6561080773947084E-32
1.656899927607996E-32
1.6571036833560738E-32
1.657459819530121E-32
1.66355259886062E-32
1.6639614472801502E-32
1.6656556305041588E-32
1.6670292892360563E-32
1.6674619556934922E-32
1.6686976476139385E-32
1.6690754036861016E-32
1.683256697755723E-32
1.7201228393845402E-32
1.7218629501679975E-32
1.7746965065247914E-32
1.779076360405164E-32
1.7916367283910034E-32
1.7978634514708891E-32
1.803430163797642E-32
1.8338798548337942E-32
1.8359698643844022E-32
1.8480816583334638E-32
1.848472292433929E-32
1.8647497822967338E-32
1.8895458661129878E-32
1.911953290199148E-32
1.9863372673768425E-32
1.9875904217187233E-32
1.9968868192743327E-32
2.035576443810479E-32
2.035890424776418E-32
2.0364599240484723E-32
2.0785203601354088E-32
2.1758943901294448E-32
2.1865109379506453E-32
2.2391300199721647E-32
2.242451325665312E-32
2.2515615697884644E-32
2.2823856882958006E-32
2.3013672846318557E-32
2.3095463147123137E-32
2.3326324952804236E-32
2.3417170182489104E-32
2.347100920342843E-32
2.3471153317861094E-32
2.3499529322871365E-32
2.3627076735044568E-32
2.3795779875617014E-32
2.3900543757787717E-32
2.4132826276956887E-32
2.4326852989053314E-32
2.4405654718998398E-32
2.4594307613763082E-32
2.4628251086100384E-32
2.508872986929622E-32
2.5170344735690115E-32
2.5227156217094616E-32
2.561415777519608E-32
2.564470948548649E-32
2.5767164480131446E-32
2.6026928976929646E-32
2.6453092576567334E-32
2.652655416188226E-32
2.6917131725736725E-32
2.7688552840579307E-32
2.8113918528287294E-32
2.8639430343430876E-32
2.8827884800608355E-32
2.9439904876272487E-32
2.9489401239733426E-32
3.023822855422235E-32
3.0448716148268546E-32
3.0957303144070007E-32
3.157729676037071E-32
3.265963565649875E-32
3.273066538159806E-32
3.3283617921089544E-32
3.386143057656906E-32
3.4336547892305174E-32
3.466948147090883E-32
3.635930059429257E-32
3.7708710274806605E-32
4.0223345784017095E-32
4.0565199882839445E-32
4.073156526132592E-32
4.204382422528512E-32
4.555546188406655E-32
4.896020593705315E-32
5.065275965489491E-32
5.065996491995332E-32
5.066289231781054E-32
5.066835833966189E-32
5.069862316860219E-32
5.070242709227279E-32
5.070620784280143E-32
5.072550769065668E-32
5.073758421426225E-32
5.075607667704364E-32
5.079124377322793E-32
5.081399799629719E-32
5.086276340417897E-32
5.089882958323325E-32
5.090068657588136E-32
5.10041585430621E-32
5.101716542827287E-32
5.102419665761588E-32
5.107255029747788E-32
5.108021647729795E-32
5.109443278330561E-32
5.125287709942166E-32
5.132317626310752E-32
5.134859505573469E-32
5.141696900225218E-32
5.141834663659715E-32
5.143700497551003E-32
5.146084283559712E-32
5.151490747155728E-32
5.177972124483703E-32
5.183350258310154E-32
5.187426800132762E-32
5.202406634399828E-32
5.215040109709402E-32
5.21739720928984E-32
5.22757441489634E-32
5.246205998178239E-32
5.251972541048059E-32
5.274491090593565E-32
5.293850296849896E-32
5.29403330585145E-32
5.347018296490663E-32
5.387186741579718E-32
5.396720165719138E-32
5.397259924707096E-32
5.411564630621874E-32
5.425207387793924E-32
5.427698257883767E-32
5.456748585641904E-32
5.465843957626607E-32
5.487753231294126E-32
5.487812099493567E-32
5.491392701772369E-32
5.533085718000903E-32
5.548878180972285E-32
5.570872009009468E-32
5.589299770474128E-32
5.607458825732017E-32
5.617041003863634E-32
5.63846835613965E-32
5.663025714132398E-32
5.671562017964699E-32
5.672298708670811E-32
5.685672944867123E-32
5.70478661220352E-32
5.740236386433568E-32
5.781013824938569E-32
5.81774103614451E-32
5.824120592205696E-32
5.839741766695857E-32
5.843075815491081E-32
5.891101135573518E-32
5.904860991133351E-32
5.91061649310459E-32
5.94825977560501E-32
5.979756579794009E-32
5.980905448258623E-32
5.987472522021459E-32
5.993241547056446E-32
5.994570915525937E-32
6.006826728141964E-32
6.012528853501107E-32
6.017061319533234E-32
6.022951161296728E-32
6.025520991698605E-32
6.042849531379128E-32
6.043635106951121E-32
6.044380260002994E-32
6.053601128424356E-32
6.056327360849532E-32
6.058361607807666E-32
6.064214122115502E-32
6.070643581650746E-32
6.075629480701279E-32
6.084503631087992E-32
6.085677848666294E-32
6.09120160775145E-32
6.098191273147032E-32
6.1012800433127E-32
6.105753206192393E-32
6.108752977832069E-32
6.131290028204919E-32
6.138666370187214E-32
6.143672909215462E-32
6.148498449159546E-32
6.155985230708742E-32
6.162412359109676E-32
6.165937672148179E-32
6.168261548201266E-32
6.171575442389468E-32
6.172068070862427E-32
6.172497563615625E-32
6.174188544537542E-32
6.178238998885317E-32
6.179782343339013E-32
6.182902466654693E-32
6.18407928670196E-32
6.187503789409984E-32
6.190571127232729E-32
6.193798393483394E-32
6.195594376954819E-32
6.200313457304742E-32
6.200665173380353E-32
6.202629057664765E-32
6.204299246253359E-32
6.204466310760777E-32
6.206082763901279E-32
6.207542016843659E-32
6.208813791634285E-32
6.214729152635226E-32
6.226431607623579E-32
6.233688045502193E-32
6.233993813294281E-32
6.234901567683659E-32
6.240938768700759E-32
6.245254521824352E-32
6.245255634477264E-32
6.247635699170118E-32
6.253989803951587E-32
6.258432307311451E-32
6.259787819285478E-32
6.26498685129822E-32
6.269266014792782E-32
6.269896755163814E-32
6.27936275116166E-32
6.281091024467045E-32
6.281228727660256E-32
6.281686229431936E-32
6.281995968372888E-32
6.284419914024075E-32
6.289359822517756E-32
6.292950180798078E-32
6.294429433238992E-32
6.297263521672984E-32
6.29768939731832E-32
6.304018932734865E-32
6.305913335405039E-32
6.305933783055805E-32
6.306498798676214E-32
6.307234138941802E-32
6.316136810785834E-32
6.318153276938491E-32
6.318467451625281E-32
6.328203990970774E-32
6.331503920449173E-32
6.334501833374797E-32
6.336164905747841E-32
6.341917989426641E-32
6.342173119872801E-32
6.343723977775433E-32
6.346604467743777E-32
6.350237423917426E-32
6.352476540828696E-32
6.352916304756919E-32
6.355953801331461E-32
6.356444456682113E-32
6.358031211251323E-32
6.360344878651084E-32
6.365661568501685E-32
6.371533495397292E-32
6.37266472358544E-32
6.373173905266418E-32
6.376170671630981E-32
6.377768944656339E-32
6.38096096327887E-32
6.382444772696075E-32
6.384552150938402E-32
6.388346499454473E-32
6.395370401861044E-32
6.400748241447915E-32
6.41057832489667E-32
6.413220120644828E-32
6.413698641846221E-32
6.423555469228749E-32
6.42396769369651E-32
6.427595536190099E-32
6.437872947292094E-32
6.441045615549961E-32
6.441798904145603E-32
6.450565189986082E-32
6.45269473556245E-32
6.453011803309897E-32
6.455445712617641E-32
6.460012937525708E-32
6.463916799284451E-32
6.470400625577846E-32
6.473263005501653E-32
6.491006928691465E-32
6.494509099656526E-32
6.49453170779516E-32
6.513698151203396E-32
6.516835374587671E-32
6.517520289724587E-32
6.518903009115619E-32
6.51898179055537E-32
6.522875346121831E-32
6.52485722623743E-32
6.527916412861189E-32
6.528428392879804E-32
6.530674261994457E-32
6.530674366163511E-32
6.531305341827558E-32
6.533314663198424E-32
6.533800086695017E-32
6.534716992894141E-32
6.543418320951814E-32
6.5511937973606E-32
6.551625512729089E-32
6.556145258005184E-32
6.559497698141468E-32
6.562371930233898E-32
6.569999276841975E-32
6.573120147211053E-32
6.578354172509678E-32
6.598039711021786E-32
6.599647739288939E-32
6.604605185560797E-32
6.606652703216025E-32
6.622632243343889E-32
6.631292100399923E-32
6.636390559326191E-32
6.637780543832252E-32
6.63891319281895E-32
6.639917962931886E-32
6.656754281809393E-32
6.657602119843783E-32
6.663087710007593E-32
6.664305541593094E-32
6.672560372864664E-32
6.675055514865572E-32
6.680815647155331E-32
6.741033024224667E-32
6.80053135932397E-32
6.848036588676713E-32
6.865737186358415E-32
6.884905192563228E-32
6.926612617916957E-32
6.929468040906916E-32
6.964358225666412E-32
7.023676573204835E-32
7.06543922574195E-32
7.084996749050055E-32
7.090601257131044E-32
7.09795322782854E-32
7.150273785808035E-32
7.182863604437953E-32
7.287986744906135E-32
7.311300004651409E-32
7.323066148781705E-32
7.379894598378138E-32
7.663067676860476E-32
7.706745152489451E-32
7.742780358129703E-32
7.806883123916959E-32
7.942892635326257E-32
8.079146718761052E-32
8.219052401267037E-32
8.255619160338215E-32
8.279177339519605E-32
8.422823212354366E-32
8.591793321864983E-32
8.728106478133362E-32
8.912008273570235E-32
9.05503431308822E-32
9.439940344655414E-32
9.755577965481754E-32
9.836831512955798E-32
9.837087608937468E-32
9.9969388158421E-32
1.0029393333305495E-31
1.0277020264482716E-31
1.0363159543493713E-31
1.0464138300593943E-31
1.1285610936333817E-31
1.1483695455077768E-31
1.2296696206218145E-31
1.2468446952574012E-31
1.2488791263569472E-31
1.3012712647368098E-31
1.3436546617905548E-31
1.3597870099781246E-31
1.63942902402945E-31
1.6554829159697764E-31
1.6725817260931363E-31
1.7043862504465422E-31
1.7271259145561735E-31
1.7608482895648982E-31
1.778444143064037E-31
1.954783005203201E-31
2.0495111019421484E-31
2.0600896898730735E-31
2.0672307279435755E-31
2.067877446629339E-31
2.1523388439070533E-31
2.2075352721027236E-31
2.2166336473821593E-31
2.2379444338374706E-31
2.247466675918062E-31
2.2587407034422435E-31
2.279803711599854E-31
2.2846640019405647E-31
2.3160695484490414E-31
2.3261733611572832E-31
2.3905474633854877E-31
2.4112312309342107E-31
2.4276622176304116E-31
2.440833711379739E-31
2.4420442362770846E-31
2.456299153660469E-31
2.4768838856974904E-31
2.4808472913978345E-31
2.4860876917716404E-31
2.496511279039346E-31
2.49995651569638E-31
2.513722912675274E-31
2.526467542656322E-31
2.5419369629527246E-31
2.542581257616636E-31
2.5455040630347845E-31
2.564646043394072E-31
2.583233824155185E-31
2.594563338684229E-31
2.597182538906292E-31
2.615815260041644E-31
2.6208221746090567E-31
2.6236111652112345E-31
2.645661514160245E-31
2.646117681072887E-31
2.648689585089967E-31
2.652093971782794E-31
2.654861616946388E-31
2.657495216149573E-31
2.6603382349130336E-31
2.6653360966778706E-31
2.6866227843103798E-31
2.687851879156588E-31
2.718630567001457E-31
2.7276222546300227E-31
2.7992311860852943E-31
2.937256065297667E-31
2.9806908324210396E-31
3.0193974794082696E-31
3.055080930544668E-31
3.0702291183849797E-31
3.086916325550215E-31
3.201155020239638E-31
3.3542047563272788E-31
3.4332048008365317E-31
3.467095398419476E-31
3.4993017689856476E-31
3.522750148062837E-31
3.6411733302626635E-31
3.6482629005600296E-31
3.6868373410463375E-31
3.810550297719619E-31
3.8802675357965835E-31
3.9365787869294043E-31
3.944700934352977E-31
3.9856349496671145E-31
4.0037727342184815E-31
4.037600767335285E-31
4.064432744041271E-31
4.128218442747352E-31
4.281606835049291E-31
4.444065447767631E-31
4.480422268330517E-31
4.53428117903674E-31
4.769391317338021E-31
4.9189044479847315E-31
4.9737414984606255E-31
5.172656794792654E-31
5.195094625513028E-31
5.2444013332490385E-31
5.323275510251093E-31
5.343382360421132E-31
5.344863954414674E-31
5.474629076854483E-31
5.544012584669195E-31
5.579078824288184E-31
5.643850228710957E-31
5.775106454174015E-31
5.909583531746658E-31
6.07577484887728E-31
6.110366760445607E-31
6.376960567920841E-31
6.412768861873074E-31
6.739774518047649E-31
6.789004173112732E-31
7.084062970381657E-31
7.127143968214777E-31
7.196447498399537E-31
7.205383289073782E-31
7.319018971870159E-31
7.31903921840266E-31
7.492701472926537E-31
7.49607061215889E-31
7.532793300115102E-31
8.120577870070173E-31
8.139391702560978E-31
8.144011650398067E-31
8.243311928504275E-31
8.737660108611274E-31
8.739298033879894E-31
8.810798711397914E-31
8.862973295485276E-31
8.905488173276409E-31
9.08760730177339E-31
9.268808149477008E-31
9.417466147631636E-31
9.507195247412757E-31
9.593661013771683E-31
1.0043663238715324E-30
1.0094104924252152E-30
1.0165032653334213E-30
1.0324822164011546E-30
1.047372033143334E-30
1.0629368487661308E-30
1.0789614308176026E-30
1.0871560455592146E-30
1.098159650669878E-30
1.1687142585217678E-30
1.1748202895781406E-30
1.1826578868180273E-30
1.1881870588769084E-30
1.1988325565434492E-30
1.2347635912105924E-30
1.2624109604671391E-30
1.262432055806309E-30
1.3118009694412353E-30
1.335516752091431E-30
1.3454453044900889E-30
1.352685194528114E-30
1.3562140611449959E-30
1.3566740453336745E-30
1.3737612531987122E-30
1.3794992222910481E-30
1.3809276308080435E-30
1.3880806211464473E-30
1.4679545514992166E-30
1.4940399756954939E-30
1.5412029251157337E-30
1.5975182512263174E-30
1.624588136115902E-30
1.710338112376447E-30
1.7134165219531374E-30
1.7255064710920378E-30
1.7944595411466898E-30
1.8772316159530404E-30
1.910349467951638E-30
1.9126061504027395E-30
1.936338039052408E-30
1.9567720883157532E-30
1.9575153635202944E-30
1.966575644053985E-30
2.0498311514007426E-30
2.0681006751088786E-30
2.0696331199603583E-30
2.0760664295251282E-30
2.2846586943315888E-30
2.3434013917045736E-30
2.401387462055579E-30
2.5566244925191402E-30
2.5790095251382104E-30
2.613658604737935E-30
2.647407486928655E-30
2.6601911240447837E-30
2.678463217592398E-30
2.693993827392619E-30
2.7452678245407925E-30
2.8454989975973437E-30
2.902557641353657E-30
2.981043281193176E-30
3.0533518845541833E-30
3.1094604593782396E-30
3.1522897473788277E-30
3.2630508367524465E-30
3.280426657573452E-30
3.324610866579823E-30
3.398818282274642E-30
3.427121084940009E-30
3.526309342123619E-30
3.639790696440946E-30
3.651437980818048E-30
3.7514939235565194E-30
3.8517848341807334E-30
3.950892021248106E-30
4.0923111551695054E-30
4.10525160314194E-30
4.148948369491872E-30
4.241079997900216E-30
4.33569365883127E-30
4.467630123784219E-30
4.7102528031236974E-30
4.8929273375728434E-30
5.081217600107744E-30
5.146300972864667E-30
5.1544451464348856E-30
5.172374303295077E-30
5.1875046186954464E-30
5.19279232703036E-30
5.2412948128206804E-30
5.3451320270435864E-30
5.38063170960797E-30
5.560430639756205E-30
5.5848095118862624E-30
5.611619957361745E-30
5.611619957361745E-30
5.611619957361745E-30
5.611619957361745E-30
5.611619957361745E-30
5.611619957361745E-30
5.611619957361745E-30
5.611619957361745E-30
5.611619957361745E-30
5.611619957361745E-30
5.611619957361745E-30
5.611619957361745E-30
5.611619957361745E-30
5.611619957361745E-30
5.611619957361745E-30
5.611619957361745E-30
5.611619957361745E-30
5.611619957361745E-30
5.611619957361745E-30
5.611619957361745E-30
5.611619957361745E-30
5.611619957361745E-30
5.611619957361745E-30
5.611619957361745E-30
5.611619957361745E-30
5.611619957361745E-30
5.611619957361745E-30
5.611619957361745E-30
5.611619957361745E-30
5.611619957361745E-30
6.435938874020103E-30
6.679870305316135E-30
8.120192944074415E-30
8.247928685232721E-30
1.0361714156314296E-29
1.150850991825772E-29
1.2626144904063926E-29
1.2626144904063926E-29
1.2626144904063926E-29
1.2626144904063926E-29
1.2626144904063926E-29
1.2626144904063926E-29
1.2626144904063926E-29
1.2626144904063926E-29
