EDM scores
0.0
0.0
0.0
0.0
0.0
0.0
0.0
0.0
0.0
0.0
0.0
0.0
0.0
0.0
0.0
0.0
0.0
0.0
0.0
0.0
0.0
0.0
0.0
0.0
0.0
0.0
0.0
0.0
0.0
0.0
0.0
0.0
0.0
0.0
0.0
0.0
0.0
0.0
0.0
0.0
0.0
0.0
0.0
0.0
0.0
0.0
0.0
0.0
0.0
0.0
0.0
0.0
0.0
0.0
0.0
0.0
0.0
0.0
0.0
3.646861148990723E-33
3.690925041540149E-33
3.765141061061875E-33
3.891414908941771E-33
3.9001341044870484E-33
3.927337598514866E-33
3.934503530016872E-33
3.954302398209012E-33
4.098643985701768E-33
4.153571653998807E-33
4.2863513744553985E-33
4.290537080676861E-33
4.328071322742331E-33
4.39121594245021E-33
4.502447645752639E-33
4.5178389633650194E-33
4.6108070444610754E-33
4.7217080374061997E-33
4.722277524206646E-33
4.9067066867534945E-33
4.962872219328797E-33
4.999326870259697E-33
5.2418366982950844E-33
5.292939587398206E-33
5.4003546519860763E-33
5.4844703602602025E-33
5.554026490937402E-33
5.617845573059846E-33
5.791728041331661E-33
6.0397109933753164E-33
6.0417080821331596E-33
6.1343172130177235E-33
6.227126713439978E-33
6.274942005451694E-33
6.340343417560771E-33
6.35430978713458E-33
6.357817314403287E-33
6.48074855757585E-33
6.517117506888182E-33
6.557008879243663E-33
6.560680614793015E-33
6.566117954192567E-33
6.589116748280131E-33
6.78546585413787E-33
6.86874853231244E-33
6.940087716460309E-33
7.128673293048193E-33
7.150496564096578E-33
7.279017677196086E-33
7.390901275131474E-33
7.553924249513199E-33
7.561389580973832E-33
7.703133678096739E-33
7.792154507955446E-33
7.834333722689103E-33
7.858177176030413E-33
7.984133495555515E-33
8.056391867684885E-33
8.095003421382884E-33
8.34934210729127E-33
8.375921164079478E-33
8.47644484191315E-33
8.510301110438762E-33
8.655666608737325E-33
8.690154379840863E-33
8.964865612975741E-33
9.057578331343245E-33
9.404028085407654E-33
9.539102225023408E-33
9.669810900977503E-33
1.0072108871116465E-32
1.0164342764922974E-32
1.028093024941355E-32
1.0369758159413821E-32
1.0382471147680636E-32
1.0672345768904185E-32
1.0844810476609564E-32
1.0847228510599344E-32
1.0887419082088182E-32
1.1325687660659337E-32
1.1379443254616585E-32
1.1385482655141702E-32
1.141133678809332E-32
1.1481814663957288E-32
1.1747702941134773E-32
1.1961354103684455E-32
1.2313447760601393E-32
1.2464379121600886E-32
1.249120020466754E-32
1.266181505403253E-32
1.2663987048645512E-32
1.2667990783009183E-32
1.2703548350674965E-32
1.2710250704441315E-32
1.2874240540948657E-32
1.2896647520382672E-32
1.2926213623035042E-32
1.2935806821710394E-32
1.2967812526472147E-32
1.2989567847582133E-32
1.3040817861876494E-32
1.3100886432405132E-32
1.3108315780829763E-32
1.319976353690176E-32
1.3215687247331144E-32
1.3254395995481969E-32
1.3277331412983667E-32
1.3281605945289662E-32
1.3293125789596418E-32
1.3341108918400813E-32
1.3358386044234163E-32
1.3398030721933899E-32
1.3442230992308062E-32
1.3455003760918905E-32
1.3532155334987782E-32
1.364191859184196E-32
1.3738216796362685E-32
1.3786617366960962E-32
1.3881781338848683E-32
1.3974428071147517E-32
1.4058558463259466E-32
1.408143735529384E-32
1.4128656484086252E-32
1.416327477564078E-32
1.4191506525563346E-32
1.4204312535648973E-32
1.4231308891476288E-32
1.430418039419087E-32
1.439196943072219E-32
1.4440445886677672E-32
1.459680767329738E-32
1.4910295985041366E-32
1.491198931376309E-32
1.4913460859240836E-32
1.4956276509326625E-32
1.496954630631732E-32
1.4969931393448927E-32
1.4984967273631409E-32
1.498780306613338E-32
1.4993229437363125E-32
1.500425063774522E-32
1.503037830215262E-32
1.5033896829434908E-32
1.5041532871187612E-32
1.5055175844358222E-32
1.5081578691878177E-32
1.508776057033362E-32
1.509589602857648E-32
1.5108316934244336E-32
1.5110524102793138E-32
1.512326489318541E-32
1.512757737456295E-32
1.5132606372964787E-32
1.5145235195290837E-32
1.514626066438091E-32
1.5161140462499302E-32
1.5163209612829094E-32
1.5166300602162568E-32
1.5166397805233708E-32
1.517054819553244E-32
1.5209783824714927E-32
1.5212538156749942E-32
1.5225896489875255E-32
1.5241839343332605E-32
1.5259934440038451E-32
1.5261084331286708E-32
1.5279141853976964E-32
1.52823821402432E-32
1.530747190593603E-32
1.531162332943482E-32
1.5311703947101665E-32
1.5332176015734585E-32
1.536206049428101E-32
1.5371026493112294E-32
1.538087699341012E-32
1.538668270063249E-32
1.5406368628994837E-32
1.542742075502857E-32
1.545702862620201E-32
1.545704157249279E-32
1.5491078145016398E-32
1.5501832273194682E-32
1.5513815995284661E-32
1.5528687394612105E-32
1.5529208825851634E-32
1.5548732397838423E-32
1.555048140904846E-32
1.555143413474272E-32
1.55523466713491E-32
1.5557112987990626E-32
1.556026341865294E-32
1.5564939412899835E-32
1.5583244801902496E-32
1.5599421395785687E-32
1.56011204370654E-32
1.5609824061154624E-32
1.5612634333796905E-32
1.5656673464734114E-32
1.5657413249206795E-32
1.5658841282139775E-32
1.5677811009143152E-32
1.5696500828295564E-32
1.5704816152299884E-32
1.5707089254786058E-32
1.571351954989092E-32
1.5725587935908405E-32
1.5750232550115485E-32
1.5765442936390354E-32
1.5786049530285294E-32
1.5797701448933662E-32
1.5809009047242804E-32
1.583546485472024E-32
1.5835830972887548E-32
1.5842193530244953E-32
1.585329856974752E-32
1.5856410497966748E-32
1.5861164769415583E-32
1.586207085577327E-32
1.589076880916764E-32
1.5923997712774382E-32
1.5929347071457812E-32
1.5932659476290859E-32
1.595530855302462E-32
1.5962668904578201E-32
1.59767248844202E-32
1.600791035199163E-32
1.6015787711203655E-32
1.6044608006389552E-32
1.605004226189429E-32
1.6056418236475516E-32
1.6058035079410034E-32
1.6082388097623206E-32
1.6082664481849663E-32
1.6084917916045814E-32
1.609069197161265E-32
1.6091621957801127E-32
1.611824811878128E-32
1.6118265727691502E-32
1.6122246324689604E-32
1.6126078713318016E-32
1.6132989172074162E-32
1.6160897659022935E-32
1.617515967090742E-32
1.6198125200212045E-32
1.6209020935017985E-32
1.6222716829819047E-32
1.6233682365258438E-32
1.6237022060032644E-32
1.6237913370282772E-32
1.6266544740082097E-32
1.6293685835620179E-32
1.633417171150137E-32
1.6344532623677598E-32
1.6358934135728956E-32
1.6369821936290685E-32
1.6374909384444943E-32
1.6376510545699162E-32
1.6386051578450785E-32
1.6397892361685658E-32
1.6401013278676253E-32
1.6402484482510673E-32
1.641387671601057E-32
1.6430627717860792E-32
1.6434670296756817E-32
1.6441163693326952E-32
1.645009514284904E-32
1.6459174441336382E-32
1.645956614785456E-32
1.6464724549334853E-32
1.6496902060795775E-32
1.650807783043045E-32
1.6521784218546214E-32
1.6533862972855325E-32
1.654592252364181E-32
1.6550822010741094E-32
1.65518076725495E-32
1.659945948174821E-32
1.6627280878953077E-32
1.6670372763759277E-32
1.6750984659115396E-32
1.6813154199076058E-32
1.682797954055842E-32
1.6975573553995824E-32
1.7109858891198074E-32
1.712297041939393E-32
1.713052703842081E-32
1.7255034386353746E-32
1.7416004066154727E-32
1.7443569521970004E-32
1.7478805610804146E-32
1.7522965073071657E-32
1.7839758177237118E-32
1.7899802445333386E-32
1.8231454986487497E-32
1.8329869528393658E-32
1.833167000028431E-32
1.8416022163777647E-32
1.8430167985916052E-32
1.8432253918672373E-32
1.877912196877149E-32
1.8786690376354983E-32
1.885386194508983E-32
1.9721112981782346E-32
1.986833723040865E-32
2.011121504813671E-32
2.0167196862460587E-32
2.0346806467741478E-32
2.0424861198849557E-32
2.0645601746730887E-32
2.075643502595977E-32
2.0776223085830722E-32
2.0826609930448321E-32
2.0896613687180858E-32
2.145367329851552E-32
2.147480339788644E-32
2.164230665018318E-32
2.1858410778103978E-32
2.1945459410297333E-32
2.2702832773510317E-32
2.2847378038668477E-32
2.2852641355255639E-32
2.3044074773691514E-32
2.3161449176153874E-32
2.3164641073316792E-32
2.320023947298245E-32
2.3884683206558727E-32
2.4272954214339462E-32
2.486346173687037E-32
2.513486270997487E-32
2.5142822659784786E-32
2.5503020993021024E-32
2.571363026337633E-32
2.5855672760053686E-32
2.5974567905046847E-32
2.609061324516978E-32
2.618413264257897E-32
2.6252802654491526E-32
2.6665369112015017E-32
2.7544126830642333E-32
2.7567657532424064E-32
2.7713058934717745E-32
2.7918531822176533E-32
2.866316559717387E-32
2.911102989524016E-32
3.043154111655849E-32
3.089012371595551E-32
3.133284343461709E-32
3.158967944060147E-32
3.1672866304163153E-32
3.2013461653401775E-32
3.3416687795080315E-32
3.462811141867828E-32
3.689754935593955E-32
3.7390622863952756E-32
3.7598286583136904E-32
3.8492762855194043E-32
3.9221463212005606E-32
4.022031572949692E-32
4.0652799372895327E-32
4.0813684111665066E-32
4.163666711616432E-32
4.3231839038859593E-32
4.359826683475396E-32
4.438534266264739E-32
4.619472860056945E-32
4.816492198537392E-32
4.906010126775048E-32
4.982992719847749E-32
5.054827463109339E-32
5.064489842827106E-32
5.06925466684737E-32
5.070354476849434E-32
5.07063289452418E-32
5.072423776075901E-32
5.0743336695127E-32
5.074465968020376E-32
5.076459798087735E-32
5.077801131679514E-32
5.080703325465408E-32
5.081903674063639E-32
5.082541639033267E-32
5.093237736603698E-32
5.095847804213257E-32
5.102075988647676E-32
5.103807089190866E-32
5.104799552949872E-32
5.106705400535813E-32
5.111195823887435E-32
5.112802263714234E-32
5.116001858562699E-32
5.117681586933467E-32
5.129011438540384E-32
5.129994826787468E-32
5.131644871141218E-32
5.136353461919745E-32
5.149267299803202E-32
5.150957186761049E-32
5.151786222660752E-32
5.15386268390868E-32
5.161988019544233E-32
5.183331604949413E-32
5.186142407398901E-32
5.195669023099005E-32
5.200256353313064E-32
5.205803445767847E-32
5.207874910883687E-32
5.223225366915272E-32
5.226439034978483E-32
5.238153464105824E-32
5.249330282813046E-32
5.251882550215842E-32
5.262854145063361E-32
5.281404794165631E-32
5.291973079284399E-32
5.294189940685233E-32
5.302577435317911E-32
5.309243931172668E-32
5.32826564461E-32
5.329164019941883E-32
5.341862421064456E-32
5.35045625403221E-32
5.377554794179871E-32
5.380856630407692E-32
5.387373519668787E-32
5.387589549789274E-32
5.400314465899026E-32
5.406784765428701E-32
5.43679592480876E-32
5.44990619061201E-32
5.466317218256855E-32
5.479140051534004E-32
5.532007624834756E-32
5.535844679408084E-32
5.537443339597707E-32
5.546956230807769E-32
5.605563352312838E-32
5.62668114121142E-32
5.63939436215223E-32
5.664415732003389E-32
5.672370748461354E-32
5.687910999110328E-32
5.69285669871445E-32
5.70012608940553E-32
5.708104821202754E-32
5.740512489603332E-32
5.794648364751377E-32
5.796069600255411E-32
5.79642119263817E-32
5.804686976774468E-32
5.835693719652786E-32
5.847053917903121E-32
5.866652100643376E-32
5.872590646444765E-32
5.874243911431768E-32
5.875804985264833E-32
5.894618604155048E-32
5.910077350553798E-32
5.93932364892114E-32
5.964680006878832E-32
5.966263350476091E-32
5.966551602118655E-32
5.968823220412728E-32
5.9688310795572E-32
5.969643386090005E-32
5.970049098613531E-32
5.973695387843156E-32
5.976767954543418E-32
5.977110363732338E-32
5.97808174077975E-32
5.982016292979493E-32
5.986743750650002E-32
5.989695963906647E-32
5.992767775734699E-32
5.992984461130435E-32
5.993247135237159E-32
5.99734022895448E-32
6.0015563625977E-32
6.006100955815673E-32
6.008512640038015E-32
6.01575207889085E-32
6.021139139995117E-32
6.042779412457942E-32
6.046395224802673E-32
6.054536760616628E-32
6.054726143703924E-32
6.068595244789256E-32
6.07549742738247E-32
6.087499225780672E-32
6.090863760211153E-32
6.09859466155096E-32
6.107171205178958E-32
6.107549002498508E-32
6.108459570611921E-32
6.115907829942803E-32
6.128326435311198E-32
6.140850895167557E-32
6.148190695556501E-32
6.156315951926259E-32
6.157843627356422E-32
6.160008231217778E-32
6.164740958467182E-32
6.170203774250211E-32
6.174174232767825E-32
6.175055981650861E-32
6.179015484732875E-32
6.179109174076085E-32
6.179486911474126E-32
6.183510695389558E-32
6.183903577650732E-32
6.185599073304168E-32
6.185796485938534E-32
6.188761669917841E-32
6.196674668780066E-32
6.201555018289818E-32
6.207858064618143E-32
6.210800527720601E-32
6.212885658843393E-32
6.214182567245661E-32
6.216981034382802E-32
6.219937894802679E-32
6.23567489955329E-32
6.239181641587342E-32
6.240038850563228E-32
6.240794847875402E-32
6.242035595435094E-32
6.246157004091058E-32
6.247761663083463E-32
6.248357486214837E-32
6.250162450162322E-32
6.258365746228204E-32
6.261679306904584E-32
6.263593751156487E-32
6.269314232210879E-32
6.270642298397682E-32
6.271606639860945E-32
6.272228262600019E-32
6.272894818532611E-32
6.273010228119351E-32
6.278470177676388E-32
6.279691762022165E-32
6.281498283520393E-32
6.282270917205761E-32
6.283691148019915E-32
6.291822695583979E-32
6.293174993201614E-32
6.299359602677859E-32
6.301342878936824E-32
6.302159259202802E-32
6.309064334726981E-32
6.310895188135052E-32
6.315774313087013E-32
6.316590272318061E-32
6.318180958641401E-32
6.31856068007285E-32
6.321007569532318E-32
6.325054365368603E-32
6.325308144714197E-32
6.326347834576803E-32
6.326495545222957E-32
6.329434249226788E-32
6.330560627349502E-32
6.331558477295511E-32
6.33557943100897E-32
6.337898136725922E-32
6.338167372376314E-32
6.338699704363469E-32
6.33870371632264E-32
6.339519959708348E-32
6.341005260396562E-32
6.346242028685961E-32
6.347931045335125E-32
6.348390067848255E-32
6.349259062997617E-32
6.349369252641099E-32
6.349835284719097E-32
6.350376141517847E-32
6.354968231621678E-32
6.357536809181349E-32
6.359232009568312E-32
6.360496077398091E-32
6.364055326569656E-32
6.364269193814319E-32
6.364460634538523E-32
6.365709250311967E-32
6.366583589342915E-32
6.366689737285555E-32
6.367866106048578E-32
6.369267397305239E-32
6.370179528404476E-32
6.370825086867123E-32
6.371750084848713E-32
6.372326626364909E-32
6.375440747038758E-32
6.377428247996206E-32
6.381859263393496E-32
6.383644600692261E-32
6.384497829248703E-32
6.386338502424737E-32
6.390994800801115E-32
6.395656835253485E-32
6.396632949843083E-32
6.399561601893165E-32
6.401757570371041E-32
6.401839862597403E-32
6.406554215009386E-32
6.416941171924557E-32
6.417398574932691E-32
6.418490172162246E-32
6.426220685474327E-32
6.427295294198169E-32
6.42794639570615E-32
6.432500851672863E-32
6.433279656885642E-32
6.433711409128823E-32
6.436259977606172E-32
6.447147921576629E-32
6.448913257743234E-32
6.451950867695443E-32
6.452948566834829E-32
6.455965159161328E-32
6.465272566423264E-32
6.465813708597679E-32
6.468771026251481E-32
6.469951234515786E-32
6.474117629211923E-32
6.48296561869525E-32
6.484999151199588E-32
6.488233329668178E-32
6.488285417128775E-32
6.489941467746905E-32
6.505049715961532E-32
6.505530701113012E-32
6.511522204121947E-32
6.51200403737315E-32
6.513099395834939E-32
6.515306113095387E-32
6.528054982207409E-32
6.529052346740496E-32
6.53039794482936E-32
6.532609928331842E-32
6.539153456305305E-32
6.548916895318403E-32
6.550787483957752E-32
6.561329166007163E-32
6.564783450348094E-32
6.566042327266212E-32
6.570265231941075E-32
6.570392894855012E-32
6.571063108620356E-32
6.571431047492296E-32
6.57240629142864E-32
6.574337357839286E-32
6.578325684705241E-32
6.58005643486013E-32
6.584761268184203E-32
6.589603176939981E-32
6.595080800355943E-32
6.613473039720765E-32
6.613723221702706E-32
6.619499182158717E-32
6.620604099958767E-32
6.628911729960038E-32
6.638858858045439E-32
6.643861220216669E-32
6.644057958449927E-32
6.674306941138934E-32
6.675279703311921E-32
6.681076342098289E-32
6.68166222575225E-32
6.714907268489172E-32
6.809563573544211E-32
7.023702233607856E-32
7.03686902479283E-32
7.087856518996835E-32
7.395961948644493E-32
7.44273581792953E-32
7.56300397984582E-32
7.577220717754593E-32
7.672887581464764E-32
7.73749956814442E-32
8.116741858339558E-32
8.208069045822193E-32
8.456002387023375E-32
8.515196954207767E-32
9.387196735900782E-32
1.0070032507045017E-31
1.0308197919033052E-31
1.0311181812140877E-31
1.033014215937878E-31
1.0406377542135915E-31
1.1397822364959853E-31
1.1423411349648702E-31
1.1593799002067557E-31
1.4805966059246186E-31
1.490819282326119E-31
1.5932267264476072E-31
1.679827865442176E-31
1.9285035492312674E-31
2.0575091663022487E-31
2.058631272692664E-31
2.065072078347454E-31
2.0809280571115185E-31
2.090539352295636E-31
2.103278199380532E-31
2.1283617793586166E-31
2.1419157036052154E-31
2.143640328221507E-31
2.2198104393853127E-31
2.325195573158394E-31
2.3774859780353184E-31
2.37787859433579E-31
2.400787606630647E-31
2.4076213791669384E-31
2.4208554544982004E-31
2.4244562007553574E-31
2.435209417824245E-31
2.438439486207159E-31
2.4510544795521305E-31
2.456016826833896E-31
2.4604214407714943E-31
2.4845598863954336E-31
2.4890450549362434E-31
2.492140179836726E-31
2.492148345551488E-31
2.492470175345535E-31
2.4938996128828816E-31
2.49887059581813E-31
2.505049917620988E-31
2.5057277181316147E-31
2.5131141944046815E-31
2.5245037535660058E-31
2.5301388708809244E-31
2.5327484697895052E-31
2.54461622441611E-31
2.5465298172766937E-31
2.5722807615233127E-31
2.5751344069529416E-31
2.575398987189883E-31
2.575408605291512E-31
2.59706577088755E-31
2.606493008544721E-31
2.617762486674042E-31
2.6192230094757695E-31
2.630029622475155E-31
2.6450359506724776E-31
2.6479170238106737E-31
2.651985669976428E-31
2.654697822120153E-31
2.6569569020054023E-31
2.661424145206233E-31
2.6618180339381398E-31
2.7413220450061063E-31
2.778025071074411E-31
2.8306296876161542E-31
2.854757578310627E-31
2.9068884666070423E-31
2.9281897593198984E-31
2.9369274336588826E-31
3.003790151488773E-31
3.010235166673041E-31
3.0155169748574748E-31
3.062350073257922E-31
3.1093394299158174E-31
3.1708282986166067E-31
3.2871515507500404E-31
3.3160252091793743E-31
3.319064455575135E-31
3.490413629171181E-31
3.517530605744504E-31
3.5442442507437136E-31
3.6215526624460205E-31
3.6322836183961042E-31
3.748144898478913E-31
3.8044583713971256E-31
3.865931898297511E-31
3.9138146914835238E-31
3.934987949541445E-31
4.212458849876959E-31
4.2655601487662184E-31
4.526912976202779E-31
4.552251329615841E-31
4.673948957310862E-31
4.7348399003164655E-31
4.776245973235349E-31
4.794339839590829E-31
4.891180114277511E-31
4.900447186474746E-31
4.911764005784947E-31
4.966712554195582E-31
5.054320975899286E-31
5.228446338158845E-31
5.233400181320568E-31
5.285558425472072E-31
5.312181809887412E-31
5.572724801189189E-31
5.778642459870832E-31
6.042125228012866E-31
6.093124340358195E-31
6.183779652535412E-31
6.2078511412638E-31
6.294951263103957E-31
6.3898833206923326E-31
6.424389291794866E-31
6.460895586239326E-31
6.488072540904433E-31
6.714498853310318E-31
6.736489978158548E-31
6.809864127408445E-31
7.108939028158258E-31
7.301175331984984E-31
7.657122784271951E-31
7.892508746872497E-31
8.938273443112792E-31
8.991974544402889E-31
9.066915091315677E-31
9.130984051226854E-31
9.157880424210703E-31
9.188275338864415E-31
9.300764598322518E-31
9.492497989966068E-31
9.568634389119811E-31
9.637645225173583E-31
9.728970200347122E-31
9.842148738723629E-31
1.0048091387022026E-30
1.0198645223320964E-30
1.049444267658472E-30
1.0512999277719262E-30
1.0658521008187498E-30
1.07225496129986E-30
1.0924758852810868E-30
1.0998306168789912E-30
1.124606022938822E-30
1.1275888674245572E-30
1.148759657775364E-30
1.157649023246546E-30
1.161361204992173E-30
1.1864856903200404E-30
1.2045774394854309E-30
1.2258035472133511E-30
1.2484628423166531E-30
1.283019998197158E-30
1.2909312027184004E-30
1.3083094204402173E-30
1.3331896427368818E-30
1.4100570520199382E-30
1.715177578698268E-30
1.794638680633429E-30
1.841298954652605E-30
1.8530982873981634E-30
1.966139558198288E-30
1.9762034169300833E-30
1.9990117534354467E-30
2.1006187395984284E-30
2.204397944287773E-30
2.2404415052412344E-30
2.3022046482908934E-30
2.433773639607715E-30
2.4465068728213283E-30
2.5273866417908444E-30
2.7178864100353355E-30
2.722808708907068E-30
2.744109201724553E-30
2.7495487230151306E-30
2.7572425163624573E-30
2.9048567857786952E-30
2.9437852899618668E-30
3.147294371766253E-30
3.1510721780167457E-30
3.1580047518699076E-30
3.20335812971137E-30
3.2551707145924956E-30
3.305243400638424E-30
3.394258948101812E-30
3.499860210065561E-30
3.524640089353475E-30
3.679912075648498E-30
3.767472552783865E-30
3.862522829450844E-30
3.989291137162597E-30
4.071530301486655E-30
4.0819785233521785E-30
4.123501441988668E-30
4.1483084289013786E-30
4.184147388732616E-30
4.2556461213104506E-30
4.2794672966982635E-30
4.2953239130981875E-30
4.305650632002207E-30
4.3346849037315776E-30
4.3497264659124084E-30
4.412815820312793E-30
4.7849624148143506E-30
4.954682543904365E-30
4.9806531271263704E-30
5.093099291862186E-30
5.182130280209692E-30
5.3295514017684966E-30
5.368005778630011E-30
5.4810358147712146E-30
5.585386668475785E-30
5.611619957361745E-30
5.611619957361745E-30
5.611619957361745E-30
5.611619957361745E-30
5.611619957361745E-30
5.611619957361745E-30
5.611619957361745E-30
5.611619957361745E-30
5.611619957361745E-30
5.611619957361745E-30
5.611619957361745E-30
5.611619957361745E-30
5.611619957361745E-30
5.611619957361745E-30
5.611619957361745E-30
5.611619957361745E-30
5.611619957361745E-30
5.611619957361745E-30
5.611619957361745E-30
5.611619957361745E-30
5.611619957361745E-30
5.611619957361745E-30
5.611619957361745E-30
5.611619957361745E-30
5.611619957361745E-30
5.611619957361745E-30
5.611619957361745E-30
5.611619957361745E-30
5.611619957361745E-30
5.6258690979429225E-30
6.787938210715129E-30
6.812530841987577E-30
6.893520873833325E-30
9.585497711620111E-30
9.868405458724637E-30
9.903007030835394E-30
1.0713377391508692E-29
1.1133260631770292E-29
1.2626144904063926E-29
1.2626144904063926E-29
