EDM scores
0.14693046667651394
0.14693599307933153
0.14734147856512075
0.14843882453979934
0.1485818978543381
0.14911131954760767
0.14923798984583103
0.14967044200024932
0.1509628991860598
0.1514190136406335
0.15145200190910016
0.15240465253083368
0.15374666910799267
0.15564213217275613
0.15629077109564074
0.16000620316115285
0.16094856588338866
0.16355346247151217
0.16363739597133545
0.16382833510364458
0.16452590846472562
0.16594476210909728
0.1676063121555472
0.17564323487148653
0.1761161956801803
0.1769265461507621
0.17996193581275546
0.18086565733702645
0.18138403474230644
0.18216438190618822
0.18264183383192698
0.18324022230306433
0.18403790462650557
0.18561645507597752
0.1867081710514515
0.18773364445275903
0.1877726951406565
0.18790207397194794
0.19068678026214073
0.19106149265429628
0.19123278919823633
0.19165409961527782
0.19269616554683602
0.19668290738381447
0.19731107223535385
0.20092601165456184
0.20112274613372907
0.20234477490954536
0.20345036078137257
0.2061387194098607
0.20881592020864873
0.20985865875705298
0.21017393095175263
0.21047525250402188
0.21359769146718202
0.21638981380309724
0.21719357115390636
0.2175639117240991
0.21845917280700747
0.22046075692436365
0.2222957393779298
0.22615853619922968
0.22907799102815676
0.23285840519244647
0.23336490942661378
0.2341284746609981
0.23500034513465876
0.2350379159538988
0.23590773727198397
0.2370139507307137
0.24038736536036592
0.2414009758045752
0.24394028867347486
0.24496773390581622
0.24532586364094197
0.2460961705277031
0.2464973312410478
0.246738616001352
0.2474239865885739
0.24772109796158295
0.24792633105007864
0.24976705876683516
0.24984267112941702
0.25015683663446897
0.25020129281568515
0.25207993386346833
0.25241850434945956
0.25248088803499547
0.25271701870487
0.2540446925411204
0.2541885924987298
0.2544927372517608
0.25492918787996693
0.255446272562012
0.2555329593355511
0.2560452399021794
0.25626028588137395
0.2567864671358816
0.2568176491083483
0.25692744835779097
0.25745911870480065
0.2578161784102272
0.258620826154011
0.25965027664467377
0.2604329684625493
0.26122017867953234
0.26297970172770296
0.2631222962264351
0.263519226304281
0.26355307814484963
0.2635748616155531
0.2644167667548916
0.2651114455274099
0.2683704717150241
0.26840947065596027
0.26903909694327166
0.2695599951498122
0.26959714556626374
0.27083496911614835
0.27200001222815223
0.2720000901100619
0.27200016120809334
0.272001270685054
0.27201123172540537
0.2720358472748494
0.27204921239701
0.2720600889956639
0.27206953991684873
0.2720801631822364
0.2720828673865187
0.2720862855641504
0.2720918163819817
0.2721096482806928
0.27214991407889616
0.2721643434592005
0.2721708819763792
0.27218806492056735
0.2722086614311144
0.2722723861826938
0.27228125745246656
0.2722843241300412
0.27228733291544027
0.2723256461082979
0.27233051066219405
0.2723608297731062
0.27237213461486776
0.27246500818882186
0.27252980819731476
0.27257178406313337
0.27257192419205495
0.27257438654836874
0.27259770956516016
0.27265274269689527
0.2726668314850524
0.2726816060264733
0.27271958351632986
0.2727550791959051
0.27281077276316895
0.272813234528259
0.2729356915808967
0.27298307381032455
0.27308256383341434
0.2731225365358732
0.27315331512028795
0.2731555629103434
0.2731910751236331
0.27331682867639934
0.27337149938318944
0.27345045592073985
0.2734594677794018
0.2734775985893287
0.27353596070285086
0.27360867473863165
0.273639215918257
0.2737274523070309
0.27390270641743236
0.2739697058984298
0.27405496946642915
0.27421555942139725
0.2742284777803933
0.27427872623549454
0.27428463961629485
0.2745178692414183
0.27456786742562095
0.27458394113280704
0.2746137633049706
0.27467911485365426
0.27467974816272195
0.2747105981600273
0.2747223482311389
0.27484687988187473
0.274847203975372
0.27490005972986675
0.27491713777745763
0.2750597350553611
0.27529767257154075
0.27548640141266245
0.2755599633508351
0.27560520353170975
0.2756265160212455
0.27563840024766184
0.2758271534043587
0.27586773555852856
0.2761471782778069
0.2761899721244547
0.2762505950642797
0.27633928476335057
0.27636100116234746
0.2763864444234491
0.27647761201383786
0.2774089599173387
0.2778356510938823
0.27788388874972847
0.2781388875976308
0.27839699498241544
0.27844664581921247
0.27876442447046157
0.27892801132443673
0.27904396931689324
0.2791035509679735
0.27913974314921003
0.27915021040840526
0.2791804936409183
0.2791904152179861
0.2794422965955517
0.2798684147606467
0.2801422530355826
0.2802967069388166
0.2804638712671982
0.28046863999611527
0.2810081880959617
0.2825839093719607
0.2829639581221862
0.2831957147484291
0.28379704748976636
0.2841441213811805
0.2843695184392377
0.284590794328418
0.28530715739223506
0.28561531890952174
0.2857102786035389
0.28580141454003377
0.2863304503727879
0.2863842184711988
0.2866842565054232
0.2877308919749189
0.28805085199868846
0.2883236080775536
0.28839156321908155
0.28843588802723225
0.2892294076289818
0.2892414692405638
0.28928822010001065
0.2895105181479152
0.28963297660417475
0.28994737174679525
0.29001475485531136
0.2909067450698419
0.2910723312331173
0.2912512154088814
0.29127993841394484
0.29131949233389
0.2918722532601151
0.29193027476386796
0.2922257153959382
0.29225375760522776
0.29280536698818577
0.29335908376442804
0.2935949167721077
0.2937334383357889
0.2937771540078261
0.2938720613174692
0.2939500077046145
0.2940154394685463
0.2945701341162282
0.29459140900980463
0.2949382587597445
0.2949582539261793
0.2949896372777454
0.2950812192810102
0.2951398985969658
0.29516476700355276
0.2951700288405984
0.29522821780854014
0.2956150245119209
0.29574938674830437
0.2960450353848798
0.29614133885236466
0.2963358298962243
0.29643268844494075
0.2974036524364657
0.2980024156234377
0.29871552343013635
0.29877826225529386
0.2990838177886638
0.2991321990415538
0.29926201228885163
0.29937206889008044
0.29937952173989224
0.3001483207911901
0.3003575591858519
0.3006028696164172
0.30084458366573175
0.30144190521863695
0.3023988181292769
0.30260328725109137
0.3029711825760785
0.3030456879178385
0.3032386884014253
0.3034952810842648
0.3035265618747824
0.30414158058316115
0.30448125550435534
0.30450552202504083
0.30499265882296855
0.3050339440063089
0.30568588145603315
0.30574919270595785
0.30586004934119265
0.30627970143439004
0.30658295037520134
0.30699237652272926
0.3071267763000589
0.3072440098868873
0.3072540632262402
0.3073822508169302
0.3074627503641974
0.30763146922013057
0.3080358472233662
0.30878755190238555
0.3091548564217488
0.3091884245833515
0.3092169519254934
0.30972926390123623
0.31041468195463107
0.31050102679734143
0.31148254950793935
0.3115274487571978
0.3121574787085158
0.31267487928258925
0.31285032561980364
0.31309834492775357
0.31334814339538325
0.31426413613440435
0.31474348594818274
0.31520666488536914
0.31625805675517943
0.3166678558601207
0.31703951430349797
0.3171010997533881
0.31767669709251395
0.3181813079010889
0.3184767093885169
0.31875858580647587
0.3195406815276357
0.31967709635631425
0.3200731299599831
0.32017254168354453
0.3207743659875251
0.3211308947243212
0.3218508191506447
0.32280183341677254
0.3231395293795419
0.3238476499526583
0.3246225196111768
0.325749443983935
0.32610714500706034
0.326168673334242
0.32653517111602215
0.3267674420498912
0.3272289219061099
0.3274445117756148
0.3297627354534837
0.3305107734210112
0.3308669839598155
0.3312051847415472
0.33150871769549645
0.33284510128084
0.3329153001915636
0.3329677281300341
0.3331217378774228
0.3337341526449048
0.3346752581662688
0.3348076530257398
0.33491416863727674
0.33528420093379013
0.3355362275160136
0.3374763495817815
0.33827565396644926
0.3395969670483516
0.340643413578281
0.34067235896715153
0.342033754422915
0.3429029330532246
0.34301013701099575
0.34369100080149123
0.3444179647195928
0.34504099696410423
0.34557021229794554
0.3456427011659191
0.34574582811907256
0.34608317307792824
0.3472158128631592
0.3473113841405291
0.34740889512770307
0.3484772789667091
0.3493617400700117
0.3495090876448809
0.35017461334525996
0.3512830751256949
0.35288929743740544
0.3529847360079446
0.35570203395487454
0.35571169163044364
0.35598159047804445
0.35649896854861435
0.3567459232024003
0.35818087327420206
0.3592460963493531
0.3602965682990124
0.360757291581322
0.36076078281143936
0.3612545183878303
0.3612901142053982
0.3614139821178122
0.36150779854595155
0.36191000172271465
0.3619614229225581
0.3625715638899054
0.36259223040484734
0.362808492580606
0.36328074954786554
0.3633296889417732
0.36347449250841424
0.36374186713004913
0.3637769574544467
0.36392582021079
0.3639408065282304
0.36406909535797816
0.36423584658252267
0.3644163457409572
0.36463082931720125
0.36468863146870756
0.36471981815908866
0.3647838404775108
0.36484544797847424
0.3649451621445376
0.36498175305519776
0.3650258731378454
0.36506335395576095
0.3651264429423219
0.36538458946195707
0.36547095565041166
0.3656691639956535
0.3657147620360688
0.36590072439427884
0.3661814061689664
0.3662125525687795
0.36624436631391866
0.3662826889811284
0.3663514558374979
0.3664243260897332
0.36646894844603123
0.36662602313294695
0.3666834366489028
0.3667515102480184
0.3668445707616868
0.36691294961137044
0.36697197963375605
0.36718433590449556
0.3672361434901306
0.3672697849090847
0.3674133555360427
0.36744536342485007
0.3675422605585278
0.36779453180662397
0.36793647550818254
0.36832627265698675
0.36833002329141756
0.3683300519214198
0.36852762716815723
0.36869027157157214
0.3687670413273761
0.3692434526368339
0.36943491586296395
0.3696536344600055
0.3698727532001585
0.3698926804369614
0.3701222992068895
0.3702655891663264
0.3704821869211092
0.37058338294510146
0.3709833977120806
0.3710319388466939
0.3710327295051756
0.3712029563473697
0.37125041044078244
0.3713240903185837
0.3713758903011588
0.3717964533754151
0.3719764466967007
0.372164557247218
0.372270894031937
0.37233595340045555
0.3724849771703219
0.37272185858812495
0.37273086927804644
0.3728329655315708
0.37289586180385986
0.3730955666370921
0.37332920430468003
0.3733516817443179
0.3734885430613958
0.373530343137333
0.37362691040366036
0.373803504182611
0.3738589723637513
0.37396077666358307
0.3740682842578883
0.3742238702939877
0.3746227532572208
0.3746872214620437
0.37472027506814093
0.3747413019961264
0.3749479891018912
0.37498719557336785
0.3753339243942924
0.37538850263287127
0.3755552018995023
0.375669733936278
0.3758093904736883
0.3759428808398267
0.3759461022277774
0.376009135884123
0.3765461714851274
0.3766642701930376
0.3766991937951419
0.3767428549828755
0.3768514646381917
0.3768775472675174
0.37693791283868233
0.3770923334568478
0.3773058221519901
0.3774290440495024
0.3775315533455374
0.37778685426602276
0.37783759374297793
0.3778520439588742
0.37787996117461387
0.37798392478692516
0.37798838078911123
0.378140056315453
0.3781561847436805
0.3782748685233681
0.37829935602932907
0.37831028297990826
0.37832325207225775
0.37832902627422255
0.37834013164331226
0.37841711603489403
0.3784277779886013
0.37845747462965346
0.3785124584488533
0.3785722707606926
0.378581800329137
0.37858552864224426
0.37858775117034593
0.37861605437708595
0.37867246435522217
0.3787576003953778
0.3789623250943091
0.3789992329398076
0.3790375968809483
0.37906949142020274
0.3791246690102941
0.3791932001353918
0.3791939949187116
0.37920532955461717
0.3792583876545964
0.3793054851746818
0.3793479141205931
0.37950139685483614
0.379643448967822
0.3796504736547347
0.3797166678691058
0.37974192577038746
0.37978353290270805
0.37987503676304946
0.3798816269430077
0.37992606285873975
0.37997182569481974
0.38001045234890357
0.3800237662318213
0.3800832017525539
0.38010498266585346
0.38012652163507044
0.38013716842121376
0.3801729223007393
0.38017321861989556
0.3801982303712524
0.3802012781395068
0.38022393433789253
0.3802482342447106
0.3802851433153155
0.38030054932224083
0.38031304730654325
0.38033240379273203
0.3803793866670269
0.38038033780836017
0.38042111515716565
0.3804282389052594
0.38047404496981496
0.3804795836457704
0.3804885145595639
0.3805384003822904
0.38057222135559904
0.3805752883380591
0.38060678941784465
0.3806071876000594
0.38061595082397676
0.38061857087453815
0.38070460699060654
0.3807398169542737
0.38077680435471184
0.3807798121023301
0.38079450132430637
0.38080168765885175
0.3808952063650812
0.3809147162590733
0.3809173136001107
0.3809436358752774
0.3809902180861962
0.38100364228881894
0.3810098219345195
0.3810419438292677
0.3811376225716736
0.3811439581149008
0.38119427495643265
0.38119581402423924
0.3812229796720638
0.381236501685523
0.3812390668998565
0.3812969468596587
0.38129946341610643
0.3813192332890811
0.38132163478770165
0.38136483233612406
0.3813741073825269
0.3813741162307878
0.3814009558244589
0.3814754263515999
0.3814808028656188
0.38148677902235256
0.38149063394063454
0.3814952983847727
0.38150346838242255
0.3815236087484259
0.38159014673446773
0.3815991784360112
0.38165127536105975
0.38167231869757884
0.3816804263209462
0.3816884261033059
0.381698354279633
0.38171026764805044
0.38171453237964176
0.381729879895298
0.3817546973733822
0.3817573237244255
0.38180438374699727
0.38180808385411347
0.3818210672193181
0.3818506456963986
0.381863278153804
0.38189100725925784
0.38189202884873563
0.3819062038184733
0.3819121838043079
0.3819315337241055
0.381988098055873
0.3820092545239369
0.3820165093055821
0.38203344472140754
0.382052023261482
0.3820650896168529
0.3820701110864413
0.38209731470698544
0.38210953145367305
0.3821564293061547
0.3821919934720274
0.3822052656988152
0.3822110290956815
0.38221227064643043
0.38221254387508735
0.382233692945585
0.3822659814845632
0.3822787570290301
0.3822894530259036
0.38230897458026725
0.38233342156596173
0.38234049686564403
0.3823423761865536
0.3823583065958685
0.38236616241655824
0.38237062825707546
0.382452861262614
0.38248367842492687
0.38249210125264244
0.38250572981365144
0.3825176628665167
0.382520585860059
0.3825246992451399
0.38252631701557294
0.38253054955332805
0.3825316255886286
0.38253489140835717
0.3825385413542356
0.38256120949684713
0.3825628441142328
0.38256413666292555
0.3825736768003641
0.38257455171451865
0.38259265673866455
0.38260085314024267
0.3826107236494647
0.3826134518768057
0.38262671333482146
0.382666866432601
0.382696042980006
0.3827673837109522
0.3827725419538846
0.382777344620286
0.38278304444283107
0.38282642372572334
0.38285071457655545
0.38285405191629807
0.3828653607069575
0.38289045504934216
0.38289272077387565
0.3829247840383656
0.38293401086243667
0.38294429904549826
0.3829447159128585
0.3829566641351641
0.3829701708584747
0.38298371353725563
0.3829945423188692
0.38300772359908775
0.38301485952328235
0.38302187436411234
0.38302306235705025
0.3830318895248677
0.3830329012301149
0.38306590114750727
0.3830759529965171
0.3830871442307406
0.3831019238895928
0.38315908898118584
0.38316138656877013
0.38318108419051344
0.3831890867499742
0.38319027569192693
0.3831922691692634
0.3831992331945284
0.3832014873439419
0.3832064104013986
0.3832112159531474
0.3832170017060875
0.38322281691473453
0.383231322009801
0.38323505851617995
0.3832358268451327
0.38324036081423546
0.38327734742212427
0.3832790799505352
0.3833199315553732
0.38333979603959206
0.38334007888228677
0.38334700253627535
0.383364935576689
0.38336760189563185
0.38336878701354854
0.3833756169197512
0.38337902700308185
0.38338912371302614
0.38341305296789663
0.3834294519932833
0.3834349053301971
0.38344624003042926
0.38346551582598765
0.3834887973435523
0.3835047948795805
0.38351664182396306
0.3835252691947921
0.38352929072540104
0.3835317278305
0.38354507536530347
0.3835455504110199
0.3835476672331091
0.38355488996318193
0.38356611605018925
0.38356932732514004
0.3835693367683112
0.3835780043042344
0.3835823758005108
0.383596117854222
0.38359872699139613
0.3836127259450054
0.3836190366153766
0.3836321374084724
0.38364225668154034
0.3836433660532071
0.3836527681892761
0.3836546822516185
0.3836616021842507
0.3836630372334104
0.3836751076535812
0.3836855689824245
0.38369047373453957
0.383691437693966
0.3837078506986406
0.3837214438554304
0.38372563644913055
0.38373028810153176
0.38373359079956015
0.38374652092471884
0.38375543112880944
0.3837680924756132
0.38377414062260745
0.38379042796177365
0.3838143930350518
0.38381491871759676
0.38382626837918415
0.38382763738224596
0.38383029860599466
0.3838457283661806
0.3838527858717619
0.3838717345018384
0.38387216576637256
0.3838732206363632
0.38387541432303146
0.3838766022362139
0.3838792283713798
0.38388340068194726
0.38388526579538035
0.38389219447131717
0.38389360098616526
0.38389699029208074
0.38389851990942936
0.38389886250285354
0.3839121283416274
0.3839267686651497
0.3839299043879865
0.38393259987276224
0.3839361141540512
0.3839394113652698
0.38393966366910687
0.3839413283520347
0.3839430667323522
0.3839518958859383
0.38395209661607116
0.38395218678809456
0.38395236859378273
0.3839530013833827
0.38395479907894764
0.3839556450358225
0.3839564275236921
0.3839590866547777
0.3839601097388078
0.38396025947128987
0.38396041477242177
0.38396311077436224
0.3839683107894756
0.38397113738472927
0.3839723999565997
0.38397976279825907
0.3839820948862945
0.38398224960063
0.3839822529644425
0.38398421276869316
0.38398673644277986
0.3839897455005423
0.383990309513391
0.3839928585232481
0.3839972366162574
0.383997335508803
0.3839983576008309
0.3839984286378858
0.38399847217348154
0.3839985695098771
0.38399885661247063
0.3839989461714846
0.38399904946954444
0.3839999608133526
0.3839999886430105
0.38399999973116244
0.3847637734811062
0.38485276814336983
0.3870570488393784
0.38716192516255044
0.3875169335619802
0.38752132136340894
0.38782392990538644
0.3887538808631476
0.388876025163534
0.38915096758673023
0.38959476970194834
0.3898263685670676
0.39124592517859724
0.39232886608013046
0.39242855922218595
0.3929006363393003
0.39305884649766704
0.39327022343509405
0.3934189811132283
0.39382665352067
0.394082358590299
0.39466222833196757
0.39586103390009064
0.3966164923461326
0.39714371991594255
0.39725165639452487
0.39793741101649527
0.3982195798271277
0.3991260660321007
0.39917180092603166
0.39947342757465604
0.4007856425717777
0.4014061040849925
0.40145859741091305
0.4017928224810494
0.4022184426941408
0.402581413537059
0.40280481843477584
0.40282042785586003
0.4028383738379153
0.40286478870499076
0.4030306187853042
0.40304258033365986
0.4030982038616022
0.4031876244160007
0.40332487768226677
0.40382117575993093
0.40466813507830696
0.4046995459847789
0.4053155920475103
0.40555146187057756
0.4066010789939566
0.40686989931010964
0.4077030718209249
0.4079011936658488
0.40850400235694734
0.4094593357050427
0.4095757546707903
0.40966775605461675
0.4097302297794731
0.4098789876953336
0.40998847302963154
0.41015649701393797
0.41021033996745176
0.4103954079077199
0.41050985625905034
0.41059109784905495
0.4106748313726753
0.4109666559660545
0.4111013579037153
0.41137696555282643
0.4114904941529069
0.4117086580122929
0.4117368417488529
0.4120714455388212
0.41217926493426266
0.4127191656180647
0.41290662688062735
0.4134768229493612
0.4136332374821382
0.41366227556687607
0.4138646227855298
0.4143050507082682
0.41439355954237866
0.41442619143751885
0.41519558997262623
0.4152114246410303
0.4154815004879214
0.41551909350548366
0.4155890717268915
0.41559799268559616
0.41568326868067285
0.4157158660160759
0.4160177737802717
0.41639027824657737
0.4164321026112809
0.41653261521296236
0.41656752615883164
0.4166089216958767
0.41661818312444143
0.41662104661101246
0.41662713842276405
0.4166381002207015
0.4166393676559984
