EDM scores
0.14636431513454393
0.14690226765881406
0.14708316116292847
0.1471447172369133
0.1472468985098541
0.1474699719127344
0.14751596699040503
0.1482549540005617
0.148275649171348
0.14831589191268654
0.1490089479142759
0.14910804528914295
0.14915281146525278
0.14946236300268875
0.15015539347999685
0.15095490667367015
0.15110014786812223
0.15154547521049086
0.15166327643611577
0.15194714453484706
0.15346796368760315
0.15357034428356797
0.15459531356352565
0.1546359672470881
0.15474088369737102
0.15626201892760958
0.15698441572982128
0.15826413550972324
0.15860548901304397
0.15924091175389132
0.15927087052398686
0.15933448543305773
0.16018795293591953
0.16059827824221543
0.16078397482870113
0.1617945129839318
0.16206772784378376
0.16408407260294883
0.1643996616599967
0.16560684759094288
0.16573351672774497
0.16662718556854278
0.166912524417594
0.16752907172178694
0.17261659573124394
0.1781435347106368
0.178222890928927
0.17977568591786067
0.1812762329529108
0.1837577136027686
0.18395002413313438
0.18434076318540477
0.1846383985214831
0.1850655838627487
0.18517225561760975
0.18529238754696023
0.18898237029755896
0.18900212003407957
0.1896644550162741
0.19028520445401376
0.19249885569915312
0.19368294854824367
0.19455286312377393
0.19500200681567245
0.1960090132041559
0.19717831860774215
0.19829340046336494
0.19997822681884903
0.2010121689192112
0.20406133779473556
0.2062997140238281
0.20840162177475932
0.21082832884637895
0.21741456596466624
0.22245836474358194
0.2230646300510538
0.22448266415265017
0.22463739473752592
0.22594161924417852
0.22630311098630287
0.22697033913267411
0.22856181553262228
0.22898799641367654
0.23025329990956236
0.2326197899572092
0.2366294009124402
0.23764128024196585
0.23851279878982484
0.2429809882160464
0.24333475951437022
0.24452728037111388
0.24465223183882187
0.2451558826326513
0.24679101354897742
0.24711729188608436
0.24759884746149582
0.24803305961735483
0.24873920053465023
0.24946708451733374
0.2501687172403505
0.2502074009494954
0.2510818786666335
0.2538458816773137
0.2551311722779826
0.25530972996540124
0.2566231781119458
0.25688154059052076
0.2580772330797694
0.2582264649690983
0.2586545597559025
0.25873445065757056
0.2592174640626418
0.25973584125757515
0.25993374107633643
0.26169658348936636
0.2622284643312999
0.26259661507175835
0.26311679793972037
0.2631557906031991
0.26382750256395704
0.2650588854670121
0.2662512162634443
0.267377096064645
0.26755376976979456
0.2720008772545687
0.27200556192823117
0.27200641764554084
0.27201059940473277
0.2720199013689918
0.27202231415356304
0.272032248326776
0.2720362851947255
0.27206104431267136
0.27206287115937167
0.27207768205630334
0.2720866963456546
0.27211833824058335
0.2721214121023595
0.2721795905704045
0.27221923840321366
0.27224588119989623
0.2722594871081712
0.27226065687179307
0.2722697436560913
0.27228184056327126
0.27228292532878495
0.2723740645978164
0.2723803916446238
0.2724206431527777
0.2724216155865685
0.27250632678219583
0.27252990111220293
0.2725650003045176
0.27258925911090576
0.27260389084985215
0.2726322999075593
0.27266816388655407
0.27270993578186253
0.2727391844704289
0.2728526361128371
0.2728592258967919
0.27298305216288954
0.27306621966764005
0.27322123355632677
0.27323771247923945
0.2734992314184344
0.27361857081809865
0.273631742998816
0.27364533997242163
0.2737843694940615
0.2737952648341979
0.273832688631912
0.274096017895092
0.27411124970485945
0.2741729647906758
0.27422507848284877
0.2744381273686095
0.274473273930174
0.2745832523403047
0.2746047021358486
0.27471854536212514
0.2748038976196634
0.27484732806371454
0.2751637079794312
0.27517584986120347
0.2752808368560946
0.27542733205849007
0.2754771330081216
0.2756900953768814
0.27581404882172234
0.27597395019055704
0.27606139768282123
0.2762457176397282
0.27643605483947803
0.2765049021214915
0.2765241775189052
0.27655042489848886
0.2768128447855913
0.27695007484012296
0.2771141066380769
0.27713389473754124
0.2774787845702276
0.27776663520651773
0.27781444189848686
0.2778546852634534
0.27788581141181395
0.2782919219346605
0.27829505806544347
0.278377914252995
0.27842132456369406
0.27890760947109106
0.2794389248210304
0.27944363882195405
0.27948087371709684
0.28007736268433464
0.2805841252140463
0.2806430718833555
0.2816350978571241
0.28218722991966366
0.28242957534649804
0.28290617362486165
0.28308509378128605
0.28319272044343535
0.283232329620557
0.28332721518435544
0.28351466636028333
0.28379245480623216
0.2839551324252561
0.2845628554241663
0.28456608522200866
0.2845952157276903
0.28476683617978454
0.2855771442326858
0.2859870808769103
0.28602108945847804
0.28611746511997393
0.2861618539940566
0.2865181047755998
0.2881417313820856
0.2885076240862792
0.288626416599845
0.28918255031080375
0.2892865442204471
0.289356769058519
0.28954089124082477
0.2898630935756764
0.29147685029827336
0.29154335131208675
0.29186609696391896
0.29237709719319094
0.2925833687133675
0.2925855300463751
0.29266357575297935
0.2926872836280323
0.29277606399948936
0.2931385799410451
0.2931753436272786
0.2932225275168425
0.2932748500217305
0.2934080609784178
0.2935864570193648
0.29375711006419175
0.29391985270391535
0.29530377775111694
0.29538066548147496
0.2955043337157435
0.29551108052358116
0.29576058986106496
0.29613353682212473
0.2961397830674553
0.2965739200470253
0.2968768722690363
0.29709142007197886
0.2971684778377743
0.2973579671381234
0.2978469609603945
0.2980032516083943
0.2982878564429471
0.2987522608345506
0.2987939248604774
0.2988137973285166
0.2988890544661433
0.2989562078390218
0.2993486012384246
0.2996472512082028
0.2997646146104712
0.2998179333273642
0.29990966962429216
0.30008894237483336
0.3001842127846228
0.3003491941382451
0.3007572298840416
0.3011390290018741
0.3012257204559952
0.3013055663322723
0.3016436187598348
0.3025959776677566
0.3028476914214973
0.30288283901388274
0.3031621739906324
0.30351837548406624
0.30365884900048207
0.3037341854331718
0.3038391780889665
0.30390379993610145
0.30398615724051153
0.3042314278953424
0.304317074535021
0.3045063997234759
0.3047401864172259
0.30499519920743556
0.305322002741041
0.30626612826274074
0.30649384672241897
0.3068012671194956
0.3071360531345867
0.3079982654882473
0.3080930782538426
0.30816616863111485
0.3084461126877022
0.3090216505589489
0.3091361417141591
0.30920604936033697
0.30930484365534083
0.30959733207769385
0.30970375166486236
0.3099077065771028
0.30996648514588643
0.31004084840642154
0.3101656873073481
0.31060720745762166
0.3108449428137885
0.3108603111762155
0.31165983685336185
0.3122864697035147
0.3126018439004978
0.3127724635168362
0.3128477479130068
0.3133885367336419
0.3137515395995767
0.3141372441799386
0.31630928007313014
0.3164558688318945
0.3167188127083367
0.316956366018063
0.31829746736633974
0.3184189324972197
0.3196702130027363
0.31971090186865864
0.319981236817436
0.32006374314700764
0.3204058156714375
0.32169809075897177
0.32204669525541363
0.3222784500988591
0.32315468229898975
0.32329367240737833
0.32335238513926456
0.3233848052961286
0.32386510114270245
0.3240362844897644
0.32413164251052967
0.32538651964415133
0.32561481849739154
0.32646457342525953
0.32659173341403125
0.3269040168038898
0.3271830564565144
0.32730166538797567
0.32840527028402433
0.3286044257721826
0.3287110388417963
0.3298028706675285
0.33007565777077486
0.33142707019355944
0.33187386329006174
0.3320025404580407
0.3324809189945799
0.3327717015087882
0.3330800935352306
0.3341766786723364
0.33424505206038363
0.3350476710390397
0.3355385371204563
0.3356873832742916
0.33582477145627654
0.3361413329254691
0.3373089092223716
0.33755607500043966
0.3375667701800554
0.3383018575833582
0.33855000083999204
0.3389718110094327
0.3393807708240144
0.33991886088975076
0.3400688816406687
0.34020365828757226
0.34025201437782226
0.34165632530711443
0.3421546904487888
0.34299696219071385
0.34355705397209957
0.3436905302203615
0.34414695069691226
0.3442510319387093
0.3446263115170916
0.3451174064065445
0.34671878448290616
0.34764849540660486
0.34891922443226286
0.348982453976054
0.3501443229916796
0.3507028581708491
0.35097790225788317
0.35323313796318884
0.3538742390477254
0.35474297603869376
0.35511215224689147
0.35565053504210004
0.355714380342356
0.35589480236234616
0.3566176758636988
0.35681827050830733
0.35683249262760963
0.35747531483378436
0.3585783822925027
0.36037379844741774
0.3603862841052006
0.36068445365929025
0.36069145302272976
0.36070848053675947
0.360743114376739
0.3609172243618629
0.36150964439363675
0.36168020233752196
0.36169619942478953
0.36174291713713685
0.361847637921357
0.36191651146099124
0.3622670863103745
0.36234037519864176
0.362346400416288
0.3623884489898324
0.3630755968247673
0.363132333408781
0.36353627060833554
0.3637721365772693
0.36391195148370337
0.36406042637068087
0.36413138552083957
0.36427497732996483
0.3645293384580998
0.3647075792508302
0.3647300009096216
0.3648093157244831
0.36501736294911535
0.3655598097662145
0.3655910788147754
0.36585649020565136
0.36595031580785775
0.3661808849133783
0.36639726513079923
0.36640544767653077
0.3664430993181471
0.3665410016849492
0.3665901057437807
0.3666588424001074
0.3672532149462202
0.3676253967133573
0.3679191853505291
0.36792415810305756
0.36798383479587704
0.36805932958764437
0.3683550215939059
0.3684363327172786
0.3687253130229594
0.3688576126646154
0.3688871839961655
0.36913863770591926
0.3692549007689486
0.36927521446217354
0.36940762976524794
0.36945908681983924
0.3694754528150208
0.3694950856532118
0.3696825129765705
0.37008724947575117
0.3703072782590663
0.37043282835561886
0.3704342739038839
0.37058497913678506
0.370702593368498
0.37070332852362203
0.37100595275543646
0.37122407242760846
0.37126308695632654
0.3713040609179614
0.3713066912326248
0.37143731356738297
0.37145439521271295
0.37152820249180457
0.3716722385977849
0.37173634336418754
0.3718072280765948
0.3718567123611332
0.3722721087402599
0.3723430224584378
0.37235952345411594
0.37261750803169263
0.3726749180496493
0.37316745358713815
0.37322468786306623
0.3732280498449954
0.3732617523520235
0.37333381695825685
0.3733656989978398
0.3733683256494748
0.37338284103306724
0.37374127591875234
0.37375653929231545
0.3738595673643724
0.3739149195657105
0.3739396630311074
0.3740030250932912
0.37409830013078654
0.37427498195219727
0.37435679683625983
0.3744228219569422
0.3744288076922475
0.3745343990762393
0.37463861343944443
0.37477247169463995
0.3751422023417466
0.37516261380725807
0.37517710101980073
0.3752826276091282
0.375310720933314
0.37535974825169605
0.37545276539355904
0.37552830380354196
0.37555208054510086
0.37569181803531426
0.37572988987522565
0.3758222918135177
0.37583567217335706
0.3759962292315714
0.37606785402624326
0.37632015821032777
0.3763338160080024
0.3764539958686564
0.37656735164894706
0.37677620725942707
0.3768261786276563
0.37701559102486903
0.3771207916771025
0.37713552546856943
0.37724317697282855
0.377262155756598
0.3773095584456521
0.3773398638063425
0.3774115592052512
0.37754531375209727
0.3777236707437898
0.37775961232527033
0.3777701245748657
0.37784979010733466
0.37795420968002985
0.3779606570138473
0.37799447576311374
0.3780731170072052
0.37807458682721906
0.37807711196683685
0.3780826006713924
0.3781419822306591
0.3781469612440211
0.3781485383994607
0.37817779911271093
0.3782529862759228
0.3783063030906312
0.37832842410319373
0.3783574212399664
0.3784058990288197
0.37848391442194385
0.3785274510959877
0.37853962167453864
0.3785887191370605
0.37865209130166444
0.37871048688153325
0.3787293290724094
0.378754783460235
0.37877736197947387
0.3788472585988342
0.3788473103287858
0.3788571995704774
0.3790242819180265
0.3790277294175952
0.37907913174776037
0.3792267590701861
0.3793186731532156
0.3794440957770875
0.37953290021927605
0.37956051597303914
0.3795939169418677
0.3796015285900902
0.37961649347982784
0.37964669934304807
0.37970864809157095
0.3797461176488465
0.37981675671242837
0.37997358247980667
0.3800219683237036
0.3800474216547856
0.38010094974896846
0.38011570204383294
0.3801323757284123
0.3801384398761435
0.380150530667662
0.3802236143470054
0.38023353819627753
0.3802945958709841
0.380294976664217
0.380297099942496
0.3803314988711583
0.38034319620657564
0.3803736171737456
0.3803832919810928
0.38039558582418254
0.3804398963986923
0.38046941528067335
0.38048437619262576
0.380502633331014
0.3805280168054011
0.38056850855941393
0.38057342294086294
0.38057391671781615
0.38062469192132437
0.38062715649330275
0.38062990840426575
0.3806337131332141
0.38063512835178526
0.3806377761550498
0.38065066796934083
0.3806854933953012
0.3807142763253397
0.3807299726445438
0.380807943956435
0.380844317836881
0.38084681584198715
0.38085482887023053
0.3808887711357939
0.3809021583336576
0.3809561813720545
0.3809869230047013
0.38099887420837053
0.3810248543999794
0.3810563948823978
0.3810586451341093
0.38106846225725033
0.38110410778911874
0.38118623989595
0.3811915344922611
0.38121960772110225
0.3812372297275305
0.3812871092106615
0.38131492729997385
0.38133214421573636
0.38136909624918913
0.38139251346344777
0.3813936744060345
0.38145026387661973
0.38147614485174874
0.38150716127778006
0.38150900180084263
0.3815777439715314
0.381613502152267
0.38161935450620726
0.3816202210218034
0.38163764060955324
0.3816501429839466
0.38165102679932106
0.38167170531380096
0.38169481697933294
0.3817426951150952
0.3817856941752976
0.38179296003568414
0.38185545144799127
0.38186094615081123
0.3818709448033273
0.38187406151545594
0.381881352567434
0.3819143195532431
0.3819235024776228
0.38203974872478413
0.38205524031697446
0.3820582391428233
0.38206869638257684
0.38208561816957537
0.38209659065370266
0.38213090030017977
0.3821458856512042
0.382147205137123
0.38214840381462806
0.3821575459517016
0.38221623719546005
0.3822260468141304
0.38222867348695966
0.38225681862136257
0.38229658950921774
0.3822969145653537
0.38232365064233764
0.38232386401148405
0.38233405491298894
0.38233463457252287
0.38235086544267616
0.3823945104484837
0.38239630738633595
0.3824627769610821
0.3824901039364157
0.3825022230148659
0.38251043100227344
0.3825263911675982
0.38252902075761425
0.38254251136205086
0.3825541217635347
0.382560018108698
0.3825851492976723
0.3825854872808146
0.382598686735232
0.3826052738579068
0.3826231788985935
0.38262749078693326
0.38263091103093366
0.3826313059419023
0.3826330627236645
0.3826518618758907
0.38265720053490376
0.3826700354715616
0.3827104012846163
0.3827287029606218
0.3827323471335099
0.3827411765713604
0.3827570513336079
0.38279580187573853
0.3828000370358083
0.3828051412475701
0.3828139301029789
0.3828316480167718
0.38283398066769925
0.3828386650775981
0.38285747041236873
0.3828762891060493
0.382883816036956
0.38290087260831784
0.38292653162419565
0.3829265897938072
0.38294875250964894
0.3829881955822871
0.38299720750006
0.3830337599044003
0.38308995556831693
0.38312757168669376
0.3831405167919691
0.3831569263157694
0.3831658232097904
0.38317816737269317
0.3831898536275508
0.38320913025949993
0.38320920015620935
0.38328233253314864
0.3832829642251717
0.3832848904191946
0.3833090519760091
0.3833181316759626
0.3833320751319071
0.38333253486729846
0.38333301749752685
0.3833338616972889
0.3833468782613817
0.3833580896742486
0.38339792071947293
0.3834015214700689
0.3834016439784043
0.38340436917442
0.3834476237401302
0.38345652906486244
0.3834788312027892
0.3834978454564869
0.38349933312451423
0.3835126032392933
0.38352006787104054
0.3835716600434449
0.38357397096065815
0.3835845456365307
0.3835963215385609
0.38359643600895027
0.38360769114106463
0.3836128608860491
0.3836133387196825
0.3836143671777708
0.38361737995201356
0.38362783212530405
0.38363158551252097
0.3836426429699541
0.38364640798083965
0.3836492360789633
0.38365173801948727
0.38365363145968084
0.38365408172595683
0.383656707548707
0.3836609673026417
0.38366827022013456
0.38369273001656196
0.38370401231463125
0.38371307280124295
0.3837142922009016
0.3837184650589492
0.3837228110251158
0.3837255097044722
0.38373591886571534
0.38374436367491893
0.3837477230633461
0.3837699515212664
0.383777561259944
0.3837813807888046
0.3837866219390684
0.3837872184187769
0.38379564543356787
0.3837998033586421
0.3838103603759948
0.38381364798968837
0.38383454942684514
0.38383887499180785
0.3838457013417064
0.3838534642020044
0.38385469502956193
0.3838561496342494
0.3838577204054886
0.38385896536042813
0.3838612442984329
0.3838623023341687
0.3838672792473538
0.3838759864598907
0.38387779853949777
0.38387876372964197
0.3838857370881085
0.3838906472836236
0.38389774794985904
0.3839014158765789
0.3839015429964061
0.38390730119652905
0.3839103490182214
0.3839107693144487
0.3839108027019457
0.38391315260574344
0.3839215896396113
0.3839250848039309
0.38392597726589484
0.38392883732611083
0.3839324470199153
0.38394480141711185
0.38395129827894076
0.3839616554740618
0.3839622339127478
0.3839624172629555
0.38396942964127395
0.3839698606460639
0.3839710094294139
0.38397826373210175
0.38397960239577456
0.38398077375767387
0.3839862558696706
0.38398735797808037
0.38398763365548055
0.38398791818059896
0.3839880551359238
0.383988661679233
0.38398886237575075
0.3839901600266592
0.3839948863076437
0.383995105121512
0.38399583028756706
0.38399626372863843
0.38399689139372806
0.3839970569943874
0.3839972494835821
0.3839974219811993
0.3839988815878015
0.3839991604807159
0.3839992993033868
0.38399938877818424
0.3839995919154764
0.38399960306231035
0.38399977015266823
0.38399989331916673
0.38399994141667
0.3850421500995714
0.38520074385044945
0.3861566846737093
0.38635286021593335
0.386826975379138
0.38689984463864086
0.387683768508897
0.3878050959572644
0.3885804404478333
0.3890319519489935
0.3899313917700549
0.3900612960456029
0.39036299030488664
0.39045061713748924
0.3911306655567536
0.3916559578578915
0.3919270808886361
0.39212049209830174
0.39405980010175506
0.39522974084119816
0.39580424181815327
0.3961022737332603
0.3964203425341986
0.3964289039713457
0.3969244415789434
0.39715916225623993
0.3974705866218559
0.3976647627014836
0.399583795804198
0.39959265861249965
0.39961476148568054
0.3997745863784145
0.40015934324345565
0.4002554154603861
0.40071343835024864
0.40110485575560934
0.40131860803982805
0.4021216392879503
0.4026210489106414
0.40286136194754013
0.4035627460713105
0.4038244391364726
0.40402226369106764
0.4054708158104463
0.4054729552745493
0.4057362642517176
0.40604835926471017
0.40615779848006933
0.4062711323463892
0.406487379418427
0.4065778056578845
0.40664081082410386
0.40708348453823945
0.40789613775694644
0.40806714257901183
0.4082916743274423
0.40841782089699585
0.408784921623719
0.40919833148603546
0.4097658499720802
0.4103668678157081
0.41132481412084737
0.41155487105620475
0.4116236232468325
0.4117496967993146
0.4117712317473267
0.41221750452440165
0.4126140662904599
0.4127125916926833
0.4128150414536602
0.41284332850525124
0.4128559283109664
0.41304304622947546
0.41307778686240637
0.4131139948968284
0.41326878279604856
0.4132862436789993
0.4136615615130704
0.4137223076200181
0.4138063380258483
0.41424982756720025
0.4146321969331777
0.4147134848550473
0.414806663798307
0.41500803231951605
0.4151694189053348
0.41524875019283763
0.4152873238285158
0.41553072626826354
0.4156438676101458
0.4157636886641158
0.4158238010657643
0.4158969654122586
0.41610870370968783
0.4161128653588064
0.4162768534199214
0.4163208503553135
0.41636489131564114
0.4163819762066805
0.4165618839380325
0.4165959823876493
0.4166034609408062
0.41661912976284665
0.4166202257765763
0.41663982750427386
