EDM scores
0.020147637358919543
0.020280776066010166
0.020686579536592097
0.02089974955777756
0.02118464924654286
0.021316545435460896
0.021319591680830224
0.02136903248975668
0.021518161823393066
0.021595355712012095
0.021888837032420526
0.021910493138044638
0.021919268102155682
0.021930186137330016
0.021956284760330073
0.02196102271602191
0.021968619408901144
0.022061458345384952
0.022064475413675424
0.022131024322200377
0.022198945546876094
0.022271595543102485
0.022311422564696915
0.022338329521989105
0.022365840451168614
0.02239742278609117
0.02241587430579817
0.022421023560516222
0.022436301435559206
0.022473320269645762
0.022481665378863615
0.022510734460448465
0.022521876037178954
0.02255257243682541
0.02257621643522197
0.02259375110815565
0.022599368407340142
0.022673388035342797
0.022702603257229476
0.022728409664875902
0.022753164230109837
0.022753453829607178
0.02276284339872526
0.022836881603537265
0.02285501684491762
0.02288943774508311
0.022899857084562443
0.022909525831503196
0.022916751315786663
0.02294787730469172
0.022998346315464137
0.02299849232360047
0.02301584581686667
0.023073344136684788
0.023075387764489717
0.023101755174186788
0.023104614183859066
0.023109332399998236
0.023121249016853758
0.02314559747302717
0.023149617784247473
0.023159389082454004
0.023165428779768262
0.023172486422824257
0.023184335558661312
0.023186171096124253
0.02320790051740181
0.023219445148720277
0.023227244119180597
0.02324200474661258
0.023271250584337846
0.023292521850541776
0.023292931041841474
0.023304195682934185
0.023307681786551186
0.023323112312455624
0.02334807969925245
0.023371105093382895
0.0233747797862349
0.023395207235130718
0.023400443296385378
0.02340698811633864
0.023422276137838618
0.023447414482822306
0.023473557032764145
0.023486186541559234
0.02352600611050788
0.023548243008143475
0.023561718285319447
0.023563945891154542
0.023578132758428707
0.02358824306724861
0.023597463759023638
0.02359803415904165
0.023609168673338825
0.02369526243687651
0.023703327921081967
0.023709282492114184
0.023714774626137903
0.02371602377685871
0.023726123731797222
0.023731567901105838
0.023748792560524663
0.023758663031363158
0.02376149818115874
0.023777487234857304
0.023782407504950445
0.023794182242321073
0.02379433200774485
0.02379753246881123
0.02380489738641939
0.023812818204372286
0.02381888582509473
0.02382808861787168
0.02382810511549935
0.023830969519011144
0.023831261387321633
0.023845498984706625
0.023846089849680095
0.02384903873256284
0.023849861449865912
0.02387921964200098
0.023896433598026255
0.023922762347690082
0.023935799440694315
0.023953020504355674
0.02396331362125483
0.02396576943811329
0.023988152316056853
0.023991854494662113
0.02399627282980602
0.024000614302941203
0.024002548410528964
0.02401851392870504
0.02402117544465335
0.024029798908991887
0.024040875301328198
0.024046848789609724
0.024047936113437002
0.02407297220853063
0.0241022966125005
0.024103157007817178
0.024116950876900838
0.024120941271994958
0.024134876790126422
0.024135425876187284
0.02413592258435111
0.024142302862295167
0.024153843425005744
0.024161004709867394
0.024175875680058894
0.024184966862677997
0.024202725670763144
0.024208148201642465
0.024212042420392828
0.02422089850682988
0.02424153223798758
0.024243987532395678
0.024255402198351837
0.02426120448145663
0.024262901729235585
0.024269144670791876
0.024270262145394246
0.02427736928002724
0.024280959262055514
0.024285771724982256
0.02428876269429175
0.024317328986097505
0.02432197765754256
0.024328618283554895
0.024331753248704967
0.024345719625896375
0.024355713081984018
0.024356579987604626
0.024356721582389187
0.024379188564421277
0.024416219575624183
0.0244226709005963
0.024426346297460884
0.024444275812681143
0.024446313347924683
0.024467386311914394
0.02446774917866253
0.02448099790610071
0.02449881000863425
0.024508431421463427
0.02454249577605351
0.02454506029870478
0.024545602145789838
0.024548769543044646
0.024556525736696498
0.024562482932577078
0.02457390970787761
0.02458239612298799
0.024587524960412305
0.024592408228834118
0.024612334711307533
0.024616238612131778
0.02461824610602518
0.024627328719087148
0.024636404861813677
0.024640531442295024
0.024642160434172142
0.02464790094964358
0.024659220460895415
0.024695576526541578
0.024731232684308595
0.024742981749150614
0.02474502286935277
0.02474947128463888
0.024758224482950827
0.024765113536950528
0.0247676546997596
0.024778314698949092
0.024778922617768713
0.024783746236572094
0.02478500799099948
0.024785975241260114
0.024788639084915607
0.024793812027901433
0.024798134202351614
0.02482594259845521
0.02485902866871886
0.024876926457718856
0.024877314204062993
0.024885554084415208
0.024892388320721066
0.024895913106346937
0.024914391145390645
0.024917885962304587
0.024927028659973156
0.024934545313535703
0.024942203473233348
0.024943072212616605
0.024948555959568748
0.024951317680259114
0.024951354523069933
0.024961424594474202
0.02496410756184807
0.024972309291880646
0.024976643708356144
0.024983554887017145
0.02498658019888338
0.02500830108549915
0.025008741089995422
0.025023618551679627
0.025025255036989037
0.02504285154225704
0.025044296861298457
0.025067471748838475
0.025084589471406217
0.025104713283380254
0.02510532844826951
0.02513062599611027
0.02513490117080624
0.02514665022810917
0.025148344342521604
0.025148516759618784
0.02515539976369466
0.025158023640858847
0.02516230386852389
0.025175663734124495
0.025178767591378323
0.025179651952934562
0.025186046860622435
0.025187208464283375
0.02518760391072207
0.02519354166985756
0.025198992878599273
0.02520113695488693
0.025204091886444947
0.02520704694257171
0.025208244522924413
0.025220503641207682
0.02522381413473182
0.025226924411087554
0.025243591901104367
0.025251854781628256
0.02525454943602995
0.02525867928745743
0.02526586207109299
0.02526616180413837
0.0252695803531088
0.02527615468472434
0.025296460304888135
0.025310265081350206
0.025310789310705063
0.025312776275633726
0.02531414963042301
0.025314958292569013
0.025322428375506276
0.025330355342684314
0.025331307515928665
0.025349025430091168
0.02536930556501747
0.02537538381681287
0.02538456088330769
0.025396406297894778
0.025402620814352045
0.025404698065215617
0.02541242543756156
0.025416320986769728
0.025425766012329466
0.025436190664474792
0.02544002572628746
0.025440795082302146
0.02544159388704586
0.025444396911970056
0.025453952007527942
0.02545701286916701
0.025461148294511356
0.025461670680257363
0.02546667604593125
0.025471437575479917
0.02547256344443115
0.025478218423883085
0.02549159822077463
0.025494898742395793
0.025502864415767476
0.025516748361667566
0.025527160835110314
0.025529276308647354
0.025531084067606114
0.025536713877791006
0.0255435880055563
0.025550551457230387
0.02555375782001145
0.025554054613728415
0.025567207625561125
0.025576676399528556
0.02558085923253719
0.02558804410513814
0.025589478739267302
0.02558973413742434
0.02559638649625599
0.025597415992022296
0.02560303613776204
0.025606900500603047
0.025619978014034192
0.025623178730863498
0.025625891697326944
0.025627037980974432
0.025635321798458496
0.025643149296938974
0.025645071300459035
0.025648473601813413
0.025648827082649487
0.025653923797889246
0.025655257061363918
0.025655814276437858
0.025655995852082666
0.025656623038771774
0.025659658781655093
0.025660372224967073
0.025660620887494375
0.025661597217549167
0.02566684039712709
0.02567731234003615
0.02568075980561215
0.025696385420189552
0.02569978776623532
0.025700727266521645
0.02570233630523769
0.02570903092935648
0.025713088065225632
0.025715258302759825
0.025715802852073973
0.02571796375731874
0.02572421376674757
0.0257328176280779
0.025743907709031823
0.025744344251529775
0.025744463969634243
0.025755781734720574
0.025759136278928212
0.025767904063202052
0.025771215334200705
0.025775889643261742
0.025779846361244012
0.02578448400676804
0.025785750594125835
0.025786343263031166
0.025794179190292435
0.025798442898062667
0.025803421362580316
0.025808647839807304
0.025812452441123346
0.025814332612592424
0.025816166128879565
0.02581775305720336
0.025822431684235113
0.025826509467554225
0.02583085039521782
0.025832463228584193
0.025836695045783457
0.02583694661780933
0.025838244160202306
0.025840437281783722
0.025849617406549848
0.025859021796707907
0.025859386719727585
0.025860181381141403
0.025860667988250673
0.025861865574221824
0.025862166397622975
0.025870082801979243
0.025885769407957848
0.02589204503243992
0.025896571336253192
0.025897821082800494
0.02589788338114546
0.025899389437280453
0.025902318436553044
0.025903433871569143
0.025903763454124894
0.025906997001580428
0.025913372296645677
0.02591438040331979
0.02591847958195939
0.025918869688144233
0.02592245927636345
0.025927903987091456
0.02592876040169503
0.025931047014417872
0.02593497897758516
0.025935318954578263
0.025937358568399856
0.02594199591911921
0.025942477267494973
0.025943008072338097
0.025947471918484212
0.02594779216669319
0.025950446350868565
0.025950680376410535
0.025957360309325134
0.02596291930139148
0.025966781756509245
0.02596770943529995
0.02597197458929883
0.025972024204973587
0.025976969381971155
0.02597924576175294
0.025991141789885812
0.025992686572231263
0.02599270836190575
0.025994251892124016
0.025995258689823962
0.025996136153928696
0.025997090359912205
0.025997909043057526
0.02600251953142273
0.026021289191964204
0.02603089536472345
0.0260323563818501
0.026032463432632755
0.026033145387927562
0.02603450620302808
0.026038625524364437
0.0260398740978833
0.026040129000703075
0.026040705198010054
0.026045524089696036
0.026045703398140115
0.026047341271684343
0.02604787564969908
0.026048637846458913
0.026051499793473123
0.026053626085246445
0.026056348714319503
0.026056910776515067
0.026066241936020185
0.02606774870363769
0.026078028433033827
0.026081200376031864
0.026084809256717575
0.02608757741819413
0.026088642852685865
0.026090887913190162
0.02609952031335557
0.026099743713395268
0.02610448550293725
0.02610900863922911
0.026111706087375296
0.026118611473639867
0.026120930022349293
0.02612270643376639
0.02612453054811089
0.026126723182763545
0.026134477899990814
0.026137160654482808
0.026139623818993887
0.026139904096270893
0.026140953490307
0.026145428320097395
0.026146890197268777
0.026152421874061818
0.026153897009263904
0.026155805190493885
0.02615723641315988
0.026161603679352892
0.026161814680906934
0.02616621344725316
0.026166936239164714
0.026168301505331972
0.026172835177239163
0.026172868334048346
0.026176406548251235
0.026181373893386758
0.026182087180124623
0.02618428326651138
0.026184596106875957
0.026185066028743636
0.02618888276781245
0.026196583878990907
0.026197065273348506
0.026202933653078356
0.02620410509588168
0.026204639651009578
0.02620533371201269
0.026212761960985466
0.026214262356748768
0.026214459905081856
0.026215056871704584
0.026215445349015636
0.02622440295979258
0.02622524198686639
0.026226869700650544
0.026227247177328984
0.026232146165674066
0.026232234225029436
0.02623277066593008
0.026232903457907047
0.026233555641441832
0.026235238448383692
0.026236220369575868
0.026236428707367795
0.02623846160644265
0.026240917321043555
0.02624129621068007
0.026241858126352345
0.026243991261232665
0.026246714642221138
0.026247280841393855
0.026252123026369038
0.026254195942120244
0.026255095920417748
0.026256642443779416
0.02625668698765594
0.02626125566822172
0.02626216984941331
0.026262789385675462
0.026263276775979703
0.02626596941230887
0.026266011751302002
0.0262687287999984
0.02627520654069187
0.026275902814737365
0.026286000092777602
0.026286876761971546
0.02628735142998063
0.026288348254773494
0.026294193918750187
0.026298767194742258
0.02629898977525462
0.026301496767345344
0.02630212165354193
0.026302417822009108
0.026302807754051246
0.026303563063684376
0.026304150210963245
0.026306888836305206
0.026307169865654685
0.0263107916652904
0.026311008664580415
0.026315073891281494
0.026315705577118386
0.0263157748990758
0.02631615693811835
0.02631621562221509
0.026318143208478625
0.026318423810754308
0.026320879536915743
0.02632735189994138
0.026327421907343742
0.026328240827326054
0.02632919951735728
0.026330250153905457
0.026331449107679927
0.026332556056170554
0.026334556696419185
0.026337346960895
0.02634233778017759
0.026348521207616934
0.02635167557647263
0.026352753987284552
0.0263533713094183
0.026365087098154594
0.02636640308669821
0.026371183379950463
0.026372198390443028
0.026376578638634792
0.026376865040570862
0.026379348883741213
0.026380308976357687
0.026380512633753392
0.02638211847315608
0.026383245340221892
0.026384657787285652
0.026385565265546
0.026389033232205435
0.026389386682003704
0.026391095825083963
0.02639693526276613
0.02639742019592598
0.026398036827046126
0.026400732830935292
0.026402060228731906
0.02640359553148238
0.026404503776873867
0.026404819105155502
0.026407280392103855
0.026407294804996907
0.026408270778500734
0.02640875648412425
0.026409176375370654
0.026410424730874328
0.026410624698312235
0.026410673332321867
0.026411867397938965
0.026413680614583577
0.026414171769967097
0.026414233613066534
0.026415748103393748
0.026417117802615922
0.02641731846777649
0.026417441533810426
0.02641765749423014
0.02641777744577096
0.026418279634498398
0.026418965853554906
0.026419783667827223
0.02641989574118189
0.026419948816038027
0.02642368657298331
0.026423994625593496
0.026424351229745534
0.026424504561529123
0.026431700192281596
0.026434527569993125
0.026443023010665773
0.02644403282102405
0.02644405985894236
0.02644433249381364
0.0264444830034086
0.026444574361680163
0.026446030820083313
0.026446968742531142
0.026449034814601483
0.026449217488134096
0.02644960009241905
0.026449744895945402
0.026450536670664937
0.026453671558227834
0.026455598021627398
0.026458708068431504
0.026459069805499755
0.02645985987492155
0.026465906359681955
0.0264679746761138
0.02647117030085983
0.02647304369582106
0.026477584418132232
0.0264781217783191
0.02647831565362934
0.026480381668001846
0.026481158291438676
0.026481955747081055
0.026483642526342763
0.0264857242034924
0.02648588321668723
0.026489773898785027
0.02649118367369777
0.026491450792906355
0.02649272325485887
0.02649406460309185
0.026495324320026065
0.026497654673239227
0.026498326530018664
0.026498948432874578
0.02649933978171123
0.026502022824005322
0.026503565645412713
0.02650651043456869
0.026508623567841064
0.02650885164945242
0.02651045850177745
0.026510838342735335
0.02651104667782857
0.0265112627626583
0.026512362854259227
0.02651480640203486
0.026515480348154728
0.026517126201970494
0.02651835414010122
0.026519429461966205
0.026520327621111426
0.026520579190445974
0.02652078313213515
0.02652205764077533
0.026522124723360695
0.0265232639014313
0.026525543034410983
0.026526628828372825
0.026527574346226906
0.026527908015546546
0.02652969632167001
0.026531015393067972
0.026531525707188655
0.026534694806499448
0.026537472268654803
0.026539436937144473
0.02653946356753871
0.026539519449423718
0.026539769014849137
0.026541758897889213
0.026544060937480463
0.026544886539371124
0.02654546448159475
0.026546592209093278
0.026546723532267537
0.026546854336875626
0.026547480317870287
0.02654748106675302
0.026549080522511162
0.026549202150765446
0.026549950135914522
0.026551300769786262
0.026556719547774985
0.026556862942745074
0.026559886414769137
0.02656050462778642
0.026560765503641205
0.026561850188360662
0.026563325668845988
0.026564277170616928
0.026564607769786454
0.026566221992931415
0.026568597297238428
0.026569247361890022
0.026569586829303264
0.026569883346680607
0.026570127785771638
0.02657141158155585
0.02657381106897782
0.026575401541883613
0.02657653478548206
0.026577868614801246
0.02657877145056457
0.026579068868810656
0.0265794587314094
0.026581940631422624
0.026582236328453964
0.02658383333152919
0.026583933682534446
0.026585704124148804
0.02658623368242607
0.026588772410545344
0.026589964761915445
0.026590392323380483
0.026590985441164942
0.026591719625619858
0.026595555291098878
0.026595658575811715
0.02659598842811827
0.02659674841637433
0.02659811253266088
0.026598564208810526
0.02659884290406364
0.026599500775799766
0.026600648992763796
0.02660141146590424
0.026602364711481346
0.02660324543865352
0.02660391434784789
0.02660500979152572
0.026607231438705477
0.026609435005394637
0.026610064058340717
0.02661046543402214
0.026613676531620382
0.026613897603445465
0.026615456826816365
0.026616866460794853
0.026617720833324813
0.026618264116722763
0.02661861132034098
0.026618845217993875
0.026620354501437394
0.026620713333563823
0.026620780629578372
0.02662146759691431
0.02662166492888263
0.026621893347831323
0.026623529989183863
0.026623538617841974
0.02662420578594592
0.026624613659498912
0.026624699633721147
0.026625887968046488
0.026626134405958655
0.026626359613020952
0.026628619036216248
0.02662906864377918
0.026629451752192914
0.026629750188151044
0.026629774740462058
0.026630289696371608
0.02663040209921625
0.026630444167834503
0.026630792329965798
0.02663212712843615
0.02663279620366646
0.026633859121072148
0.02663575231278834
0.02663597740034588
0.026636079148809208
0.026636146096405883
0.026637030869391967
0.02663963204470872
0.02664009641972904
0.02664131228718209
0.026642266413545133
0.026643271794330108
0.026645300594542787
0.02664541818570579
0.02664692910032377
0.026647243266534802
0.02664825927433066
0.026648583096997684
0.026650867390839064
0.026651646206699804
0.026652915443990736
0.026654351121317324
0.02665501880385127
0.026655141751472215
0.026655342229727905
0.026655821715008382
0.026657240926802116
0.026658155781138334
0.02665867156745466
0.026659493802095514
0.02665996718740516
0.026660042722804093
0.026660378420874507
0.02666058999626372
0.026663623489720716
0.026665794425471883
0.02666661865883966
0.02667063138980009
0.026671796571683202
0.026672611007856176
0.026677985247973244
0.02667874663596852
0.026679183932260788
0.026679688505940807
0.02668071890657623
0.026681918320246998
0.02668326263560801
0.026684535698896214
0.02668474062312597
0.026686460724541887
0.02668870347743162
0.0266887393491736
0.026689203478853164
0.026689219841208728
0.026689858119690567
0.02669008197616367
0.02669031580457847
0.026690661139777812
0.026691198561412104
0.026692293264530334
0.026693247547011547
0.02669392128041363
0.026694641317018687
0.026695735691041864
0.026697367395275805
0.026697607882370775
0.02669800132979082
0.026698380144810848
0.026699801346430567
0.026700909521735487
0.026702234011664418
0.026703126285742357
0.02670385858996635
0.026705829003479047
0.02670584448331111
0.026706278423273506
0.026707102287349474
0.026707312473559838
0.02671046388441772
0.026711293786385062
0.026712440393936762
0.026712789059104236
0.026713264508623304
0.02671463375660818
0.0267151049774884
0.026715846658490677
0.02671588416170124
0.026716788673204404
0.026716832549338796
0.026720437344337038
0.02672200246897202
0.02672222854503834
0.026722939607378312
0.026723002717481858
0.026723639035349994
0.026726592078839307
0.026727403988534043
0.026729479948431906
0.026729625566371203
0.026731012719689442
0.02673103784125806
0.026731096728099694
0.0267313351034376
0.02673145705899754
0.02673364209667153
0.026734370779887946
0.026734628467757808
0.02673472151161647
0.02673595190546707
0.02673670548024453
0.026739846438019063
0.026740554844340986
0.02674078388271888
0.026741305706302603
0.026742500088087495
0.026743951576752915
0.026744872835362782
0.026745622702426933
0.02674622064496549
0.026748729156496842
0.026750151472658606
0.026751263991782348
0.02675240526093597
0.02675370007196454
0.026754007250886027
0.026755355408502973
0.02675653169696926
0.026756698649434803
0.026756996244008856
0.026758764547105338
0.0267593156008292
0.026762800492491218
0.02676447512047962
0.02676460804190583
0.026768096401154004
0.026770034256386632
0.026770223023708566
0.026770488322161074
0.026775269374689884
0.026775691778950922
0.02677576373537104
0.02677943283621895
0.026780275789212885
0.026783691910571783
0.026785600581555685
0.026786829905842677
0.02679267290457319
0.02679382158587661
0.026793948499403537
0.026795047497231644
0.0267959337843575
0.026797183918161233
0.026797792779102513
0.026802878817976376
0.026805733139606283
0.026810354870472435
0.026811864911839234
0.02681223250950672
0.026812665215352968
0.026812745527264484
0.026814862734955824
0.02681523118823577
0.02681633490406745
0.026816605039408498
0.02681798888246064
0.02681817088618366
0.026822020873768046
0.026823400923119932
0.02682348701287693
0.02682378929251288
0.02682678844625553
0.026828340971979763
0.026830427896550272
0.026835048585283162
0.026835081318236444
0.026836384762548016
0.0268371362621116
0.0268410484782031
0.02684818310723012
