EDM scores
0.0011362081075439014
0.0011671749133286822
0.0011990918567402991
0.0012003627286649799
0.0012039361527056852
0.0012133692972440006
0.001215176219457376
0.00121572350090105
0.0012363653072203413
0.0012630359935185452
0.0012634266807157015
0.0012693075028232309
0.001274704019271786
0.0012759731067086446
0.0012867316907402562
0.0012870122569346302
0.0012917277748051262
0.0012980773480808215
0.0012998736936998556
0.0013051568981073854
0.0013063877854958183
0.0013092172334847128
0.001309605772742159
0.0013157975956637107
0.0013158274820439676
0.0013228455962024698
0.0013274544371984398
0.001327959756107125
0.001329732495177528
0.0013298323201966981
0.0013420815463767786
0.0013462229264691206
0.0013498600278564015
0.0013548562988972687
0.0013557503289200767
0.001356755535435784
0.0013596877000439079
0.0013602111122340552
0.0013606313542430522
0.0013606903175693316
0.0013656490583951134
0.0013707779563473213
0.001377830676164811
0.0013794429219337562
0.0013814187407080575
0.0013822142167306724
0.001382481770018987
0.0013896927843366415
0.001391068185178656
0.0013920158553359667
0.0013921919481083755
0.0013931335595188284
0.0013992486026955097
0.0013998684101908846
0.001400814754813772
0.001402660201728845
0.0014032506844251095
0.0014038829819671243
0.0014047799902961004
0.0014179573996389418
0.0014182285340213147
0.0014197230997159396
0.0014204471726532325
0.0014220396015756946
0.0014284470281734488
0.001429312678354099
0.001433659017081726
0.0014364471505554416
0.0014376167422718935
0.001437981127352682
0.0014382467908151434
0.0014406981078015414
0.001443655836659843
0.0014439157643145804
0.0014439276965847448
0.0014485467511613235
0.0014486902910476262
0.0014518092055113916
0.0014521149288616948
0.0014529424328437004
0.0014538123196504566
0.0014544380340651205
0.0014550672847153806
0.001457141725719742
0.001458068398261611
0.0014622972387949855
0.0014624095835641898
0.0014637494224523802
0.0014642072752470332
0.0014665356284145788
0.0014670913722643576
0.001468348396218366
0.001470148336293929
0.0014702134885420043
0.0014740306545456274
0.0014758976158189426
0.0014762803956295222
0.0014764649257553795
0.0014769242227531713
0.00147908115273958
0.0014794283518566238
0.001479747453031428
0.0014813484626275924
0.001482974410436271
0.001484852762140441
0.0014856680545862805
0.0014864481752173081
0.001489482352074872
0.00148953393056927
0.0014896190284075697
0.0014896936730880684
0.0014898412749405842
0.0014921818785757527
0.0014937982709893386
0.0014943483277388122
0.0014944219411031263
0.0014951934206399317
0.0014955924465464418
0.001501491662758838
0.0015015858318320207
0.0015039659497125845
0.0015069714986528377
0.0015094184435785836
0.00151010893511666
0.0015110567469360516
0.0015114525434431721
0.001513869875377269
0.0015142546874023486
0.0015152190821539143
0.001515781694496016
0.001516933667067825
0.0015179829089497327
0.0015181266227605188
0.0015189526518766098
0.001519298654996149
0.0015195602506286546
0.0015246069325839217
0.0015257684310121618
0.0015266479070130306
0.00152913493848749
0.0015307921875119357
0.0015316670862046276
0.0015316950933245616
0.0015317075096680421
0.001532474913750127
0.0015340108586303222
0.0015373102077063767
0.001538090311438209
0.0015382336583033285
0.001538612529580837
0.001540362962508284
0.0015432593493636053
0.0015450863715600353
0.00154568253721316
0.0015459042152729944
0.0015463246351590544
0.0015478217676171764
0.0015483533203470802
0.0015499686160815346
0.0015528929878170707
0.0015532474588043066
0.0015535997352675573
0.0015554951558528758
0.0015557655017047454
0.0015575624339499896
0.0015591021233705051
0.0015595460630202368
0.0015611414285091332
0.0015662626474831072
0.0015664074295703714
0.0015683598968822827
0.0015685900805996644
0.0015688884621896703
0.0015692825374778367
0.0015705779112297992
0.0015714789773933736
0.001572678599409343
0.0015731286907305919
0.0015734289187277874
0.0015743975762488682
0.001574907138768378
0.001575594981629695
0.001575602331867357
0.0015765567250582936
0.0015774955471715253
0.001578293948206734
0.001578403738706576
0.0015785633488591875
0.0015792265495056395
0.0015801817794973147
0.0015806460565727038
0.0015821109885863851
0.0015826924096614865
0.0015837970389312045
0.0015840719215957583
0.0015844361239394607
0.0015866680068281913
0.0015871563255947854
0.0015904093487556412
0.0015923728112499183
0.0015940174144274306
0.0015942438948020148
0.001596255740948967
0.001596468983052901
0.0015965714855733298
0.0015967706317844394
0.0015979565931445918
0.001598380697362536
0.0015989500474123933
0.0016004398148525768
0.001604081396630751
0.0016041803490936097
0.0016051136065630633
0.001606531169361249
0.0016070159065635023
0.0016081058105262966
0.0016084225081775053
0.0016092652607264304
0.0016097153906417991
0.0016109187655021766
0.0016110814521915443
0.0016111371853766198
0.0016111874477965577
0.0016121513168871422
0.0016123263207899884
0.0016131297007508426
0.0016132151269402735
0.0016132996746643106
0.0016139395321150358
0.001614358336323375
0.0016147948800913196
0.001615294818533787
0.0016162216797030297
0.0016187465802478688
0.0016192814043338212
0.001619346926257746
0.0016207339709649142
0.0016213257028931459
0.0016223302498939733
0.0016224743213337988
0.0016251388885054202
0.0016255986409808047
0.0016256906957808563
0.0016273583701090246
0.0016273680496763114
0.0016284004134571046
0.0016288337949238252
0.0016296508742630127
0.0016301412836618816
0.001631505404033498
0.0016315473562627406
0.0016316455526666108
0.0016324600999658347
0.0016329495981544325
0.0016329710246100128
0.0016334471418773906
0.0016334522904731617
0.0016340279500828003
0.0016351355824166707
0.0016352688061339207
0.0016367331534981894
0.0016371585677959865
0.0016374920570453322
0.0016376893721165501
0.0016377117812405707
0.0016385977527304575
0.0016406971591376863
0.001642957684578489
0.0016431821614501792
0.001643453232132921
0.0016436342436804863
0.0016444370028876286
0.0016445786057999034
0.0016447417157937256
0.00164510833926191
0.0016453608396898593
0.0016458092330466007
0.0016466762837183495
0.0016473382143143388
0.0016474912430776976
0.0016476175658097188
0.001649973040860406
0.001649987795082249
0.001650758125824279
0.0016512361508003197
0.0016512628808372308
0.0016526708844217892
0.0016530582895984524
0.0016533035373233968
0.001654042163488814
0.0016546785539358908
0.001656314338696321
0.001656576442262593
0.0016566953774152548
0.0016584724471796321
0.0016598744439547811
0.0016608114695808788
0.0016610973827158558
0.0016611102314905964
0.00166129667695084
0.0016621550985962236
0.0016624476468136494
0.0016629761938561367
0.0016631159871349356
0.0016641412095762006
0.0016656701736393659
0.001666074787929497
0.0016662188426386732
0.001666809916950275
0.0016690940092067305
0.0016691623208349281
0.00166961640236954
0.0016697336039029989
0.0016697458861577859
0.0016703979336015213
0.0016711808224328052
0.0016718630576834164
0.0016748362055802998
0.0016751701315986722
0.0016760160856109157
0.0016761500408137204
0.0016770814306329394
0.001677802252191352
0.0016784299088917231
0.0016803193110165083
0.0016806987825444299
0.0016812053498459413
0.0016822378447746691
0.0016839466558105408
0.0016851230544718627
0.0016858303221702205
0.0016880897920039189
0.0016891867471062333
0.0016892813331090021
0.0016901249199513656
0.0016903722513200584
0.001690573644783893
0.0016906771336186912
0.0016907706435385333
0.0016911229610545612
0.0016916529446157904
0.0016917367375027022
0.0016932765885869388
0.0016935424263327236
0.0016951828843925567
0.0016959596633115037
0.0016964612671571918
0.0016980410644808817
0.0016981833967052186
0.0016987339952415825
0.001700609293486666
0.0017007016164052
0.001701184149496742
0.0017020103921545357
0.0017021402660278185
0.00170280510033838
0.0017029410880187402
0.0017030891094239442
0.0017041786397496985
0.0017046372880818743
0.0017061739888798333
0.001706874777491299
0.0017069260947185215
0.0017071030053673946
0.0017082468770638157
0.0017084316925965236
0.001709016799490722
0.0017090331477961965
0.001709852418172566
0.001710349967277331
0.0017112762329403574
0.0017119665398182358
0.0017123771851188735
0.0017127341449960456
0.0017146906537628848
0.0017154251523231235
0.001716370357548635
0.0017181000256449126
0.001718916277522471
0.001719387012193563
0.00172162455858644
0.0017232684790009086
0.0017235173419498566
0.001724124112263322
0.0017256109620074418
0.001725698160729034
0.0017262165744427306
0.0017266920006218868
0.0017279219437264484
0.0017280793800071698
0.001728655436785242
0.0017288898740581875
0.0017289814891126246
0.0017302744002052357
0.001730467882040978
0.0017307285736090688
0.0017320592474082464
0.001733146490449995
0.0017338001279748603
0.0017340092154145832
0.0017340193897058902
0.0017354178876441727
0.0017369894206738885
0.0017371487570872024
0.0017373326575959409
0.0017383101312614404
0.0017388676768078663
0.001740717891324924
0.0017414298516705193
0.0017444020599023753
0.0017465727331311845
0.001748975676805084
0.0017500232914291391
0.001750218939937251
0.0017506159504902634
0.001751541070814462
0.0017516183392544341
0.0017525803733523205
0.0017546841624614352
0.0017568908419938875
0.0017607151101380872
0.0017615374685439177
0.0017616228605037672
0.001763555920374292
0.001763612512103306
0.0017646486497923694
0.0017661002785102381
0.0017662908145412311
0.0017668894252427755
0.0017671583967342015
0.001767424005205857
0.0017680512295297768
0.0017682998604699562
0.0017683502131605122
0.0017697696438048018
0.0017697949150443115
0.001771148228289547
0.0017711573516915808
0.0017734460981601156
0.0017744178601513448
0.0017756582139481615
0.001776233962228913
0.0017796092663726233
0.001780131782429039
0.0017801328452663496
0.0017805367317789928
0.0017809183607522827
0.0017814113459021597
0.001782218972475952
0.001782326346645598
0.0017836794736721456
0.001784270340302749
0.0017843440352449309
0.0017843639387238547
0.00178440922471921
0.0017849227597995958
0.0017855011327654535
0.0017856358062575991
0.001786267815806108
0.0017864040626683843
0.0017869981462542402
0.0017874804280130496
0.0017875707212575104
0.0017877534030073302
0.0017880428081524556
0.0017880446692098363
0.0017880685260329868
0.0017893437719674406
0.0017920524190111506
0.0017940129613861339
0.0017943215014392367
0.0017946462013973595
0.0017950960655919708
0.001795694371821221
0.001795880071455231
0.0017967724679201578
0.0017975737615700301
0.0017978710211602863
0.0017982741651309453
0.001798734011396414
0.0017989119515882358
0.0017989468133446124
0.0017990759520096268
0.0018000381170959875
0.0018002003062550349
0.0018002408756391656
0.0018002414171674592
0.0018025965332906476
0.0018036840007290952
0.0018037199017966246
0.0018044067584547067
0.0018049262343522298
0.001805903249534332
0.0018061845499415079
0.0018076503668937576
0.0018089453666082617
0.001810694370881876
0.0018107958601131734
0.0018110786027160577
0.001812778132345631
0.001813982935959419
0.00181456953688968
0.001814622481875048
0.0018166234618083095
0.0018166989037445489
0.0018191300929739963
0.0018199806156113994
0.001820485678053015
0.0018211821498219267
0.001821399608187406
0.0018227263683404202
0.0018250511165984968
0.001825170813862989
0.0018256473547752893
0.0018260696870764372
0.001829323289925169
0.001830625145202446
0.0018308918159208895
0.0018311399969595124
0.0018324503919791171
0.0018335607044346685
0.0018337334753553763
0.0018342447222741913
0.0018347355322169707
0.0018349029633071335
0.0018361211665051615
0.0018364114919633859
0.0018373157639183456
0.0018381670779746204
0.001838228028559099
0.0018385766614581016
0.001838628427114471
0.0018393153103654202
0.0018406827642984513
0.0018412631956179948
0.00184132128137131
0.0018415804119536246
0.0018421043470420566
0.0018429758877007677
0.0018435686998627932
0.0018441437537550032
0.0018444878176224419
0.0018453166232668787
0.0018460852221029562
0.0018463468295558615
0.0018464226278875116
0.0018469086506085718
0.0018477871135066466
0.0018486270998231
0.0018494678524787584
0.0018497280548314112
0.0018507985083719117
0.0018508890610191206
0.0018513828633665585
0.0018517649632008673
0.0018520515020466512
0.0018533541501008772
0.0018552086788832648
0.001856883630642026
0.0018572567761119877
0.0018576112487943873
0.0018579768621259701
0.001858652654136881
0.0018587196029660126
0.00186028775737332
0.0018617833120056838
0.00186239266078742
0.001863807561233865
0.0018642130336621041
0.0018642609138649646
0.0018644992650376077
0.0018652895023704332
0.001865932529609115
0.001867132903099889
0.001869376756294288
0.001869819383987525
0.0018703302210118682
0.0018706923837087995
0.0018727742608787366
0.0018729543017667102
0.0018734373623554533
0.001875213148766239
0.0018753295784906076
0.0018757601431301438
0.0018771042385737082
0.0018772010174765387
0.0018775530701539455
0.0018776361126532745
0.0018780148359247317
0.0018787047384968205
0.0018798840030818619
0.001879993768849396
0.001880126453553203
0.0018827820344523075
0.0018831474952051438
0.0018840077522986574
0.001885421887456349
0.0018855487599051118
0.0018862049994933178
0.0018865337766876885
0.0018873062708739765
0.0018877097873280422
0.0018880776817811014
0.0018903191649249534
0.0018912990134287782
0.0018915000235631486
0.0018926742408990939
0.0018937687306640409
0.001894514256822509
0.001894873904871028
0.0018949819323230896
0.0018950427817307207
0.0018954357467794883
0.0018957379666714237
0.0018961689803851406
0.00189620252662024
0.0018969660216158711
0.0018974039829285328
0.001898324489290471
0.001898414510457361
0.001898584749425819
0.0018988107960327275
0.001899258108256791
0.0019021297440118326
0.0019023271355069146
0.0019023515818248943
0.0019024484598702748
0.00190388458364012
0.0019050124562936806
0.0019056208789846665
0.001905718082577048
0.0019096665080854038
0.0019100447957854129
0.0019104082296317125
0.0019104537205856878
0.0019104679187331548
0.0019112462983445345
0.0019119406667326068
0.0019133854531968228
0.0019136720236673972
0.0019143352788765697
0.0019149166271589832
0.0019154308688944003
0.001918669454061734
0.0019196010471253407
0.0019215736405127318
0.0019251781104303073
0.0019253076805501878
0.0019259011459110992
0.0019259432796798876
0.001927181786865195
0.0019288273670074788
0.001930025918481956
0.0019310241266377324
0.0019317310420850348
0.0019318218010885482
0.0019330410585564944
0.0019345915776315186
0.0019352439359077637
0.0019358208844076088
0.0019374713834637786
0.001938222288792044
0.0019390496091340997
0.0019398735621181371
0.001940993480574279
0.0019421671197272436
0.0019432090883620533
0.0019449497424664525
0.0019456396133710524
0.0019459747963213364
0.0019473340048787576
0.0019477721291312874
0.0019483381448988624
0.001948616269799243
0.0019488303885103779
0.0019493060074623353
0.0019495113682832738
0.0019506249183888966
0.001950687126775889
0.0019514729862021903
0.0019541603121524718
0.001955359735609936
0.0019568188296299784
0.001958110659969388
0.0019584388669758443
0.001960713758377702
0.001963343128679825
0.0019635423547932685
0.00196366893977728
0.001963755151623793
0.0019661879822850843
0.001966700575784497
0.001966825154420237
0.0019671340416343784
0.0019695139209578013
0.001970233945497494
0.001971738029208458
0.0019718529156398062
0.0019721773758384262
0.0019722837716524178
0.0019763615139669947
0.001976663234383334
0.0019780645127532672
0.0019781107444513065
0.001978283738462483
0.0019794212830286113
0.0019805175673734987
0.001981255909615583
0.0019831301979460554
0.001983885567394972
0.001984035380866195
0.0019847375282568097
0.001985274162416669
0.0019860571319294923
0.0019888931822432507
0.0019892948032335573
0.001989402286302208
0.0019898244956254377
0.001990931676534611
0.0019914719385686567
0.001991494700396433
0.001992347320601186
0.001992570340768595
0.0019926241189858725
0.001993795159132987
0.0019946234060333667
0.001996831056682207
0.0019970906338539663
0.0019979833283864682
0.001998345316652164
0.001998658962694237
0.001998692241124452
0.0020016362254214786
0.002002822983109795
0.0020081987628512827
0.002008291379037378
0.0020090157983023472
0.002009154318705414
0.002009437904555821
0.0020103227673853134
0.002011405474031527
0.002012003070608136
0.002013183913502789
0.0020133086452771027
0.0020155038001373024
0.0020161316387996182
0.002016192649430905
0.0020164360249741325
0.0020164605781990215
0.0020186590673696683
0.002018700947039626
0.0020193206971358423
0.002019762787364869
0.0020208690774331244
0.002021036355287298
0.002022019970388416
0.0020236807256434094
0.002024903385696116
0.002026024125044387
0.0020277399740950813
0.0020279007903062645
0.0020284077955974567
0.002028996218492715
0.002029176306628617
0.0020298661255350047
0.002030070735355545
0.002031211024729017
0.002032002791482425
0.0020326346246212065
0.00203437405007595
0.0020348619510344754
0.002035713488626704
0.002038180924081679
0.0020414541801091687
0.002041982693288465
0.002042466524204548
0.002044082871282195
0.002044212875455943
0.002044981232162026
0.002046625138186209
0.0020473750725613846
0.0020474340872669717
0.00205052468039834
0.0020530693473187964
0.002054007499683232
0.002054552696999549
0.0020553030281614936
0.002057028080829467
0.002057535857199137
0.0020579104649052268
0.0020590261561650035
0.0020595590314756245
0.0020596778379588405
0.0020601041495535016
0.0020637509259817176
0.0020641642339638126
0.0020661095440436604
0.002066799869171866
0.00206796093415494
0.0020694184249955487
0.002070419373807331
0.002070627614335529
0.002070734878984279
0.00207111235253494
0.002075480580140981
0.002075686318968692
0.002075782553069097
0.0020766010593874875
0.0020781396053681516
0.0020792350040996425
0.0020806778278135546
0.0020807476456220137
0.0020815439022729954
0.002082762418249149
0.0020828587623768933
0.002083164543001944
0.0020842264769694585
0.002084592651865761
0.00208475149097708
0.0020853303023087803
0.00208659928655677
0.0020894276784301194
0.002089614075972879
0.002090513884937114
0.0020928057665314634
0.0020934298977559086
0.002096600291836303
0.002096727040566063
0.0020968857723183115
0.002097512278837267
0.0020976030185750234
0.0020987081647705613
0.0021003988002071634
0.0021009947931833715
0.002104023695896617
0.0021041352252461967
0.0021043572735478283
0.0021049460441867254
0.0021060882648926507
0.0021063502291114363
0.002106380996058357
0.002107880273500214
0.0021080103166400506
0.0021116030982921224
0.0021127685611560905
0.0021132161108004715
0.0021144922511103885
0.0021152933820700395
0.0021166646425256246
0.002117026458289084
0.002117998309024651
0.0021186281131282143
0.0021189256863125474
0.002119521491750025
0.0021202870261039196
0.0021207357728117437
0.0021248694871565266
0.0021255204277037605
0.0021285964951541
0.0021287021519310035
0.0021310060552285678
0.00213144648766809
0.002135095066563184
0.0021352870401928994
0.002135630170314505
0.002136451401394481
0.0021387560545946273
0.0021406393563555286
0.002142652705668028
0.0021429512575909027
0.0021438983371315995
0.002144536048042683
0.0021458558996108627
0.0021471411428135453
0.002147294543503504
0.0021513087799198975
0.0021527572154812773
0.0021530282471020675
0.0021556059441914742
0.0021572650400038603
0.0021598205300869884
0.0021613422887361527
0.0021618234604224846
0.0021634784240002437
0.0021640989558429783
0.00216411279790336
0.002165585807185335
0.0021662270952617843
0.0021700287338936733
0.002171526917376353
0.002172561260589986
0.0021727600352319985
0.0021739635519495157
0.002174300256353337
0.002176375158915889
0.0021771225346989436
0.002177628082322791
0.0021790964722429775
0.0021841286538562075
0.0021852693421053923
0.0021863148275219637
0.0021906873547005586
0.0021933715711834013
0.0021940925059341274
0.0021961030097151805
0.0021981068499270866
0.0021999454059686654
0.002200754786331898
0.0022011107328296017
0.002201717136193332
0.002203302421199071
0.0022035555448954415
0.002204783480019791
0.0022060601304352222
0.0022095563154264377
0.002210551258955141
0.0022121943712520692
0.002214431241060171
0.0022147410039941996
0.002221624073320628
0.002223262173039916
0.002224254892611706
0.002231656449042287
0.0022354642878517433
0.002238527059150737
0.002240986342302712
0.0022417820067150334
0.002250456687767992
0.0022586903636439863
0.002258728323389194
0.002260671925537829
0.002262005962286598
0.0022692560376065675
0.0022693411537268848
0.0022701945552802572
0.002275517206279778
0.0022863357616445808
0.0022868550764380737
0.0022892121574692344
0.002293707132541324
0.0023017382288755554
0.00230544664397755
0.002311164125371867
0.0023115186612820476
0.002314941612858633
0.002324425174518405
0.002334636065573855
0.002340417692043928
0.0023406244164892853
0.0023408115886797984
0.0023414512841642317
0.0023426306066090395
0.002360815191620972
0.002362601070801517
0.0023636019759905014
0.00236380777507911
0.002377934021597232
0.0023811557452530305
0.0023842501406195218
0.002391970408539269
0.002392032501994303
0.0023970812741749246
0.002398390957486884
0.0024165176523723965
0.0024218788270887505
0.0024279438862317756
0.0024289552704660775
0.002430723039796382
0.0024324924607492834
0.0024392703312622714
0.002446443480390582
0.0024487161341290756
0.0024496699764536382
0.002454816234298129
0.00245846653267179
0.0024604906839056314
0.002460678760943283
0.002462702188013544
0.002469402920433929
0.002472118875976808
0.00247303943198982
0.0024743368221880066
0.0024992096355352217
0.002501414069386263
0.002524323183494406
0.002533688450451717
0.002544304381812729
0.0025465781156217573
0.0025532063315298094
0.002554691323624626
0.002571648488022215
0.00258924491332578
0.002600836770785363
0.0026205124054182894
0.0026489749756131503
0.0027040540384773654
0.0027046642073537733
0.0027107605250416803
0.0027148001385434444
0.0027932864143706323
