EDM scores
0.2821428208468376
0.28398191380494053
0.2841598663245823
0.2853998651834329
0.289309091616333
0.2922678434613514
0.2948592863349402
0.29995400216692264
0.3034908035311733
0.3035317755410421
0.3050169142047351
0.3064342479513274
0.3108601072829947
0.31343725989835947
0.3145148708128283
0.31641862422067163
0.3166997089721723
0.3177669317814492
0.3248594019585128
0.3260992275347675
0.329798789261841
0.33965712007408677
0.3403638158585509
0.3414396801516528
0.3429326157627211
0.3462532502229355
0.34667327840632595
0.3479419319261861
0.34956081157249186
0.3497930982074185
0.35057279053441087
0.35084876468913173
0.35200407875793005
0.35898247580414355
0.36059922070797
0.36187972425678644
0.3625207215721974
0.3660392876935454
0.36616635375827783
0.3665785677312565
0.36658547297849875
0.36754620047878545
0.36764709123176165
0.36870875408620907
0.36888710724524193
0.3695411641442656
0.3697626072203715
0.3701676723813917
0.3727710761841243
0.3744809668833908
0.37481880545846014
0.37508384633769437
0.37639749987398685
0.377102502739345
0.3787252687585535
0.3792297921004738
0.37987563149933506
0.3802339500220906
0.3802674044619695
0.38352215198726
0.38428280556534755
0.38799928169771003
0.38896971127101926
0.3911584222359797
0.3920926985535757
0.39263067587360356
0.3929963436163831
0.3933241860247432
0.39419866483895755
0.39760952097733177
0.39925241684683943
0.3998398888927244
0.39985095374882107
0.400391708199678
0.4004990476215638
0.40329833310976576
0.40387156799837803
0.40423170635459343
0.40554471049061286
0.4058532632536587
0.40632657243448783
0.40724672630589304
0.4080037416804356
0.408010901830936
0.408021348215255
0.4080289320892495
0.4080375497218589
0.4080838695861406
0.4080906340512585
0.4080995137307622
0.4081123084145093
0.4081324687667004
0.4081758185224577
0.4081780676167638
0.40818215912952754
0.4082197080031314
0.40826095651436106
0.4083089578419968
0.4083176996657718
0.4083189004726998
0.40832355497122064
0.4083536062200777
0.40835951104750406
0.4083816244759536
0.4083862701892775
0.4084778964464227
0.40848300359518325
0.40852445213620253
0.40863581610457606
0.4086704586304737
0.40871101410699034
0.4087756463038327
0.4087898950753182
0.40884967946188433
0.4088543450955531
0.4088621716492198
0.4089015310896351
0.40890616246595807
0.4089064242336373
0.40891180209648414
0.40893053185909345
0.4089340344349149
0.4089900359427012
0.408999852217312
0.40902336003770523
0.4090328888196924
0.40929900771617095
0.40935258928663737
0.4093659428128527
0.4093905983304134
0.4094739355770169
0.4095410366890383
0.4095421685644369
0.4095813679629205
0.40958965985767093
0.40971160355232905
0.40971180665903056
0.4097155350188371
0.4098991730444265
0.40999000712298556
0.41002150454955066
0.4100632290800418
0.4101432480782722
0.41026209042206613
0.4102793981193615
0.4103165603521503
0.41034793102014355
0.4104420585766264
0.410467184279848
0.4104870541499373
0.41060799168341
0.4106208840551405
0.41064358676414653
0.41096526813276935
0.41099526607310205
0.4110696691049313
0.41107780472343797
0.41108992086655227
0.4111094607005832
0.4112631801909841
0.41136419976081096
0.41145690451163064
0.41167938046636504
0.41178751423875437
0.4119417652684647
0.41200358255360103
0.4120040274335699
0.4121207041103641
0.41220752746923994
0.4123067859010853
0.41233021996071545
0.4123550607971785
0.412402592935262
0.4124059778237811
0.41244659708507514
0.41249980276885884
0.4125214416116862
0.412577644753538
0.41277459182577325
0.4127774922829339
0.4127965457995467
0.4131439332099555
0.41316671587708903
0.4133873495897548
0.4134055347151136
0.41342877550420737
0.4136329659852894
0.41377190437941846
0.4138341755822838
0.41393701177667325
0.4140019355790831
0.41429885828249635
0.41437016887857514
0.41446234770809665
0.41472504755072404
0.4150091954771683
0.4152783777904112
0.4155126242296416
0.41633252791081365
0.4164775790821692
0.4164892836805468
0.41653151516993236
0.4166140210272004
0.4166249167350604
0.41712108790004904
0.41717944201291407
0.4173384591065173
0.417359686860226
0.41750272387484405
0.4176766907161447
0.41776017173287144
0.41784510821748
0.4180425728975209
0.4181014857427594
0.41851889063790093
0.4198681074649705
0.4201688087896471
0.42123373638933587
0.4217685927843651
0.42210181496047966
0.42369247823351175
0.4241220594340115
0.4243983809272934
0.42521949850541413
0.42534839167670035
0.4259929973089419
0.4269356684619291
0.42707732605543297
0.42736476325518763
0.42818655249841436
0.4286753962095184
0.42877867484621623
0.4291741293869969
0.43191499844916276
0.43287182114005507
0.4333187091726186
0.436439916532978
0.4366994435680622
0.4404044936543454
0.4413136176734102
0.443394105933446
0.44348017130645423
0.4440177871819856
0.44430136792892905
0.446570702379617
0.44740755084422174
0.4480751310923551
0.4493582086589305
0.44945869289224855
0.45033290852164976
0.45281172573067763
0.45359198533712697
0.45664167967846586
0.4640857808011104
0.47794970338838727
0.4794997714575812
0.48063517165735403
0.48077768954259714
0.48124395866270064
0.48314982058916484
0.4879076941251982
0.4888256675431382
0.4904583923356996
0.4911732047553749
0.49219527186554296
0.4923533824810092
0.49237163786279875
0.49297513929915
0.49420778277944266
0.4944524871264233
0.4962173977896549
0.49625806951622325
0.4965617045211643
0.49675332242153036
0.49676343341440576
0.49853777204329247
0.4986004348525228
0.49931004641025656
0.4997059409154868
0.5033484082257311
0.5038821820356049
0.5070560885469023
0.5074567672922762
0.5074877649930041
0.507531015535218
0.5075842916368362
0.5077839367286726
0.5085962222645322
0.5097243125356175
0.511597566702883
0.5117024456974574
0.5129691454165294
0.5133168863151114
0.5137240925742875
0.5139142319386037
0.5140850494503179
0.5146228062406402
0.5152708220687552
0.5159154433039119
0.5171263351539909
0.5183191766765519
0.5187510775360107
0.5202490367546014
0.5226202323464525
0.5228859215694661
0.5246519019329744
0.5254084476477986
0.5256108700550589
0.5258433457983367
0.5284575300539975
0.5284929936237082
0.5303414571809238
0.5321963812247616
0.5327921097474624
0.5335032429321889
0.5335692689647082
0.5342515795353403
0.5348220082246449
0.5353794625820701
0.5364429176209021
0.5370551676408317
0.5378941608298478
0.5382761553637794
0.5390206039660072
0.5390245698486751
0.5400661030602155
0.5405107213972661
0.5408848653720335
0.5410606527825199
0.541141013955794
0.5412502972950405
0.5416417838296226
0.5419153286048118
0.5424187155556658
0.5425707227202486
0.5429326181298497
0.5429935815227445
0.5431323827168415
0.543311542884344
0.5433284441535238
0.5433648528361935
0.5434007339453835
0.5434919360747544
0.5437004065415292
0.5445103776726007
0.5445244915361996
0.5449640708661683
0.5450937249518616
0.5452773313737325
0.5457501562224414
0.5462499765900891
0.54629850634496
0.5465258197027856
0.5468685289106617
0.5472318647350785
0.5472327062832273
0.5475439437124036
0.5475458204528793
0.5478487153078141
0.5480380729143263
0.5480587402803271
0.548352206706094
0.5487206797231243
0.5489729820879815
0.549310340661622
0.5493335270138235
0.5493660548341118
0.5494567246552561
0.5494997008530327
0.5495987152800788
0.5496526035529157
0.5497914435893609
0.5498795501800258
0.5500129392336501
0.5501333490100038
0.550370501681213
0.5504116866644141
0.5507463757796783
0.5508683763511728
0.550887758321276
0.5511695726248943
0.551278094292998
0.5516314651132329
0.5516696698210538
0.5517921916974131
0.5519260056705675
0.5519647992880705
0.5522139294775725
0.5522507919270612
0.5522604486924492
0.552556512378428
0.55265248915838
0.5527308256717841
0.5528064857856053
0.5531170667206469
0.5531969931366537
0.5537024645039947
0.5537520329756727
0.5538540292064363
0.5539555553273249
0.5541000873543515
0.5541330297664792
0.5541883698418614
0.5545129943086274
0.5548083325960931
0.554862875707713
0.5552269832333133
0.5554334881873241
0.5556732975855802
0.5558034361767289
0.5563576416590919
0.556398705727552
0.5565150316647715
0.5566013215602823
0.5570262931345428
0.5571922012026844
0.5572813039724438
0.5573575447489847
0.5577419175086852
0.5578893804533188
0.557918921557403
0.5580919249074304
0.5581679684673914
0.5585106574241472
0.5585398270463934
0.558603889211317
0.5586099990617733
0.5586631110086034
0.558847514465415
0.5589861768153529
0.5590035843861286
0.5594097995869648
0.5594325933580836
0.5598172189165721
0.5598528946989312
0.5599904985321523
0.5601204019180553
0.5601889465375585
0.5601947794534683
0.5604838948992854
0.5605941752588549
0.5606426850946227
0.560763345781794
0.5608033819028911
0.5608329279901952
0.5611015735637173
0.5612065849907657
0.561677007047249
0.5617562318903766
0.5618362618276738
0.5618421356642054
0.5618429300823439
0.5618508091127018
0.5618756356448674
0.5619530032786512
0.562030621521961
0.5621639731228707
0.56223844485685
0.5622839924652003
0.5623398428447625
0.562485642642818
0.5625470730036174
0.5626529069482382
0.5626534092265426
0.5627256662649887
0.5629103011731077
0.5629472424740335
0.5630861079656162
0.5631489278989166
0.5632045951479693
0.5632505284979906
0.5634968313941545
0.5636021685291065
0.5636880592038729
0.5640797950758935
0.5643408017684726
0.5644905634576207
0.5645864084713446
0.5646952622375814
0.5647032370616327
0.5647321410644306
0.5647488140684891
0.5649377221557755
0.5649894555623483
0.5651290491319684
0.5659200430529683
0.56606845750507
0.5660955001747278
0.5661218788266349
0.566135321889155
0.5663769093467241
0.5665863461615314
0.5666012039472467
0.5666130203754948
0.5668007240738282
0.5668015114414585
0.5668263041780551
0.5668274379294185
0.5669157604170235
0.5669446102321817
0.5669669896740291
0.5669904345604015
0.5669939559762759
0.5670208555707825
0.5672089696780886
0.5672456569793448
0.5673358675552578
0.5673754227660868
0.5673856860279833
0.5674522219489978
0.5674603025330978
0.5674759754500774
0.5674781049867018
0.567491939995755
0.5675103316467732
0.5675648171445661
0.5675818385323713
0.5676088805583338
0.5676310680872174
0.5676338106154367
0.5677108703548586
0.567717595273509
0.5677400797265632
0.5677573008811136
0.5679012353667948
0.567932798643632
0.568026772726148
0.5680412491044661
0.568066203549183
0.5682746366868167
0.5683449737949527
0.5684142803246434
0.568433821157807
0.5684978025601943
0.5685684427061242
0.5686003223661492
0.5686040993517616
0.5686152478463085
0.5686414802184299
0.5687179441152712
0.5687543435836103
0.5688049137485763
0.568816324426989
0.5688594641119157
0.5688771267246241
0.5688975249797034
0.5689218716890657
0.5689371782336219
0.5690433544271095
0.5690621391721337
0.5691830043347961
0.5692692155087871
0.5693302356239531
0.5693557139660896
0.5693570025533243
0.5693857258965164
0.5694020517973997
0.5694873416685308
0.5694916858598073
0.569496091067451
0.5695072364316265
0.5695462826060618
0.5695741336995053
0.5696616507056648
0.569713048586408
0.5697156671188649
0.5697303602261967
0.5697367267708227
0.5697428100287861
0.5697522124440533
0.5698604519884471
0.569915778614896
0.569960351220093
0.5700003990355723
0.5700356589477471
0.5700829996389413
0.5701127996037513
0.5702477702070562
0.570254903694748
0.5702818833913358
0.5703255446098329
0.5703555468845173
0.57037116845912
0.5704054982896075
0.570418592353537
0.5704187099382113
0.5704199991666141
0.5704461193917763
0.5705061132129888
0.5705121994386546
0.5705969509500556
0.5705993709789163
0.5706286202856442
0.5706465529414099
0.5707511685726426
0.5707544050776605
0.570791201531691
0.5708023480829209
0.5708068094644482
0.5708681813602555
0.5708927899425588
0.5709039158620003
0.5709679228654989
0.5709735747798573
0.5709809027025978
0.5710118303396526
0.5711415452245934
0.5711448780086953
0.5711596894852948
0.5711612594226395
0.5712369564007053
0.5712397014434988
0.5712634466406042
0.5713358878810716
0.5714354581205303
0.5714589696884136
0.5714837174882071
0.5714973870751966
0.5715079995448428
0.5715136058953544
0.5715597524495347
0.5715778623916072
0.5716013447607262
0.5716246825949125
0.5716377022641922
0.5716957155289991
0.571732914015797
0.5717778612287009
0.5718185152284575
0.5718240282705966
0.5718500461963
0.5719057288540418
0.5719566357564827
0.5719851625545019
0.571999443795209
0.5720045896744768
0.5720068318731543
0.5720294566703751
0.572059418210535
0.5721303762973129
0.5721470486535136
0.5721621418091204
0.5721754532204304
0.5722292952337519
0.5722498081050479
0.5722768442050906
0.5722844666137793
0.5723023207295294
0.5723230603404358
0.5723993611468693
0.5724208148398423
0.5724877624346902
0.5724898620729826
0.5724901103721739
0.5725593890109332
0.5725595888347061
0.5725637795127132
0.5725729567929992
0.572580220184649
0.5726658001071142
0.572751073030978
0.5727915775291558
0.5728128858556919
0.5728934526723608
0.5729357351335831
0.5729541638330881
0.5729670083377904
0.5729927554930497
0.5730290269440897
0.5730624800512248
0.573065482536997
0.573082118117112
0.5730921374137169
0.5731035152208532
0.5731370588251306
0.5731380076941481
0.5731461964582918
0.5731700504042136
0.5731890255716475
0.573220787548407
0.573225008485725
0.573229817377704
0.5732521030546249
0.5732529275403915
0.5732546663758955
0.5732732422928154
0.5733044160231308
0.5733127997039603
0.5733162074906805
0.573332887555726
0.5733452655980875
0.5733588717770977
0.5733593290508162
0.5733851138202616
0.5733922446981643
0.5734036532455201
0.5734722216217403
0.5734955027863371
0.5734974066872124
0.5735010934040489
0.5735164121001839
0.5735391294229352
0.5735425820684247
0.5735429395468158
0.5735986441391725
0.5736145846150655
0.5736499418565094
0.5736828567785832
0.573693718761782
0.5737016793865306
0.57373796140224
0.5737567917535998
0.5737608968173245
0.5737660005388701
0.5738065870259142
0.5738102813934891
0.5738128175568398
0.5738720268349465
0.5738952143292075
0.573895699345035
0.5738974608579732
0.5739272722206844
0.5739358839594246
0.5739419019492654
0.5739469750731986
0.5739535269984353
0.57397099219249
0.573995699624613
0.5740169236006973
0.5740198793064685
0.5740261904741861
0.5740459031817836
0.57408071866773
0.574095522404266
0.5741071793282655
0.5741085665791746
0.5741403022087836
0.5741479515802062
0.5741543264390562
0.5742082353002728
0.5742133010012878
0.5742560759609058
0.5742694917837259
0.5742904564899296
0.574322300365868
0.5743776887634233
0.5743778702026345
0.5744082786697761
0.5744320104616105
0.5744499927249556
0.574450271392522
0.5744511821571343
0.5744690865419276
0.5744824595050291
0.5744914715709177
0.5745065730175172
0.5745185462298432
0.5745206934636599
0.5745367537983059
0.5745530411830712
0.5745673859958891
0.5745680182237919
0.5745713546577434
0.5745717868985742
0.5746066291541269
0.5746726887210764
0.5746754547765787
0.5746772257438145
0.5746778793878161
0.574680519809175
0.5746898398965236
0.5746899431521916
0.5746983477975607
0.5747086222471961
0.5747108102863857
0.5747356118865692
0.5747662255067896
0.574767252635065
0.5747793838643646
0.5748047342442864
0.5748070414685235
0.5748085858062597
0.5748185205640787
0.5748448077679912
0.5748556561971275
0.5748595886846943
0.5748628204078947
0.5748671680864952
0.5748965907805678
0.5749136084077301
0.5749400683716486
0.5749459469815963
0.5749487662658443
0.574978201466972
0.5749818013626632
0.5749844651910279
0.5749874582332011
0.5749965465393229
0.5750358921251536
0.575055543454932
0.5750570644854615
0.5750650717238348
0.57507004884632
0.575079291646778
0.5750819643233669
0.5751154274296096
0.5751173787357491
0.5751194181721331
0.5751565648287152
0.575162472704859
0.5751630496493674
0.5751636363827856
0.5751817975706507
0.5751854895732568
0.5751877038732213
0.5751984472780981
0.5752166182885992
0.5752188149790882
0.575220606442182
0.5752454040368827
0.5752619398845693
0.5752710320300084
0.5752712694793012
0.5752775743558264
0.5752782216764265
0.5752823267727512
0.5752823800985704
0.5752993804047728
0.5753054562424477
0.5753110387536903
0.575316161695061
0.5753335160702719
0.5753427006955742
0.5753441847754944
0.5753496131827861
0.5753582819116727
0.5753630998293562
0.5753861524726794
0.5753914395756442
0.5754009346761902
0.5754051174243303
0.5754053912976038
0.5754108498002257
0.5754227290696351
0.5754421498197393
0.5754523657379574
0.5754564468174322
0.5754570468770782
0.5754683168540853
0.5754827742826596
0.5754861197363913
0.5754870065073933
0.5754940576262934
0.5754952331664607
0.5754997450549775
0.5755301172975951
0.5755353963472718
0.5755458895719407
0.5755760053341056
0.5755784827716098
0.5755878056598713
0.5755940804017248
0.5756028055130721
0.5756221754634242
0.5756320718574356
0.5756424400165033
0.5756463648582341
0.5756538227260141
0.5756670454610892
0.5756912443179313
0.5756966439318792
0.5757021555266879
0.5757057043204026
0.5757088696157432
0.57572122673073
0.5757233137250923
0.5757507661550221
0.575760099299041
0.5757708868635323
0.5757814196244251
0.5757886274181874
0.5757943815085853
0.575801050636219
0.5758023191116266
0.5758124396703036
0.5758165783632491
0.5758175887787358
0.575819320447776
0.575820519514475
0.5758221882404261
0.5758256167992852
0.5758296641316238
0.5758299768741855
0.5758323636149459
0.5758326056718719
0.5758341267046818
0.5758430185841774
0.5758826396534062
0.5758849422981217
0.575885007223624
0.5758855929911644
0.5758959885339745
0.5759000932432934
0.5759036879825328
0.5759111748620026
0.5759154178978311
0.5759168909045174
0.5759188957709689
0.5759190517033554
0.5759192642125289
0.5759207458785292
0.5759224234788671
0.5759251852338042
0.5759267070061345
0.5759270530055908
0.5759318895362501
0.575932545508104
0.5759377515781192
0.5759383612287287
0.5759453719516378
0.5759463775261534
0.5759482049062342
0.5759506907709951
0.575954984344498
0.5759580861515651
0.5759600630279708
0.5759638151865224
0.5759654999170134
0.5759689552696451
0.5759728329149351
0.5759741835272753
0.5759753206315856
0.5759755770379776
0.5759772895270934
0.5759772998253563
0.5759774681863347
0.5759796197672425
0.5759803124521853
0.5759808033061531
0.5759808545263615
0.5759814793956477
0.5759817865171043
0.5759839056315069
0.5759847593707765
0.5759855439995955
0.5759916495389227
0.5759939702288357
0.5759944143343416
0.5759946295507747
0.5759947661708233
0.5759958063043707
0.5759973079943507
0.5759975225025368
0.5759980343120599
0.5759984227173156
0.5759984493122683
0.5759988396775916
0.5759989432041008
0.575999162764573
0.5759992122088462
0.5759998708158397
0.5759999981717692
0.5759999998214342
0.5760851196935819
0.5765625719281756
0.5766506506593301
0.5768329496469288
0.5775832559091671
0.5779144530439966
0.5799568989290808
0.5810715640511434
0.5815675545228698
0.5829071360277357
0.5870506534428247
0.5871283276260599
0.5875652477733301
0.5887074440857477
0.589550704115734
0.5913151706748704
0.5932830079574296
0.5933176390350362
0.5933468836698875
0.5937714283989257
0.5939532668402224
0.5945255301911527
0.594652232005712
0.5951056553112933
0.5958118331847674
0.5959968761563278
0.5972278056177434
0.5975605924504444
0.5976610945588711
0.5981850160166549
0.5987399869887436
0.5991665509905683
0.599559903838117
0.6012303196793443
0.6012860042813682
0.6020592412044387
0.6045123643683438
