EDM scores
0.20399647161323098
0.2050888960805349
0.20558555167812817
0.20679900868820272
0.20680640490015173
0.2068231752670395
0.20776360366487961
0.2078864425802631
0.2090011143836858
0.20960966550452753
0.2097500873970449
0.20978772125693124
0.21008085029760054
0.2101572728238145
0.21191295097507268
0.21240315488526212
0.21301462063973756
0.21422920316424351
0.21486673392037756
0.2149192619547789
0.21497059351272627
0.2155161998775981
0.21675643398430589
0.21854614225206803
0.22109531000726212
0.22414620990731465
0.2253279908678295
0.2272327154365245
0.2272641819166552
0.22775456122225168
0.23010188651330088
0.23280474434970513
0.23286297935333794
0.23318379934292222
0.23520644410792854
0.23617049400262347
0.23954329268212665
0.2399720534120011
0.2404343725132007
0.24051642812287152
0.2433798527994545
0.2434380959517099
0.24379071258531423
0.2458622865459246
0.2484228897602225
0.24858208323664815
0.24983172769082357
0.2512235552264567
0.2512483233044295
0.2595102350991129
0.26003072692545615
0.2615948671873034
0.2621378886808317
0.2642813988048238
0.26631610694236224
0.2671756882906036
0.2675486683167613
0.2759159216357403
0.2772868112196733
0.27812720679122704
0.2783752616607959
0.2867897481572981
0.2904167501281564
0.2908984956412118
0.29195665391904085
0.29385210006203866
0.29511833065464904
0.29554817008643963
0.2962026811851999
0.29658588108957584
0.2985382591541678
0.3003529391656873
0.3020268285499324
0.30375766265643755
0.30566065222480526
0.30581270010144035
0.30609112926329596
0.30680614482609625
0.3072886261404478
0.30814059673229105
0.3085068156354872
0.3087535422687249
0.3088506143486392
0.3090508542840027
0.30920334258140997
0.3096565740154096
0.31000332463152247
0.31033772243811664
0.31047456873223633
0.31069338462270374
0.31106079136882636
0.31169063683392284
0.31314627114006033
0.3134157872416293
0.3165294903274134
0.3172603662609795
0.3183320788676622
0.31853928165470224
0.31899576114883904
0.32095456523112437
0.32210289470524356
0.32395881858375547
0.32469856371557887
0.326099798156052
0.32679433966668275
0.3282797669205844
0.32848079478807446
0.3286991032233449
0.3287568567345119
0.3289860599339985
0.32970226865530433
0.3322205346230636
0.3335336688314425
0.3367212197954093
0.33728480987823617
0.33886564827173354
0.3400024388921386
0.3400075714810373
0.3400115160975419
0.3400201335174137
0.34002768138191375
0.3400343833641914
0.3400357717527637
0.3400397347921146
0.34005160454684635
0.34005531007633777
0.3400734801924109
0.34011055398803625
0.3401808646548735
0.3402564752684856
0.34031672019992154
0.34032277120672844
0.3403651975840035
0.340411840888389
0.3406597830948524
0.34068971885447347
0.3407300440288608
0.3407881165590487
0.3408767480158926
0.34090160614607345
0.34091449212923086
0.34097482784858524
0.34099500249878467
0.34103506135883527
0.3410504553658817
0.34119682028825815
0.3413082292697707
0.3414360601681884
0.34147226756436155
0.3415395796895515
0.3415815087797889
0.3415971835204628
0.34177114064068576
0.3418260435633798
0.3418559230150099
0.34186033285525086
0.34203875086904545
0.34206137967277844
0.3420882545521196
0.3421173095835699
0.34227147367245375
0.3423756218189076
0.3423829012303408
0.34258326059020455
0.3428172083538196
0.34281956925650325
0.342860392046923
0.34295542702285875
0.34303730421755
0.34303974983518803
0.3430748411254523
0.34311867076213026
0.34321706959544884
0.3433244899534046
0.3433882360293204
0.3434204763962119
0.34343517223200537
0.34361682423361534
0.3436880284320283
0.3437489334122379
0.3437753528499749
0.34391083966886576
0.3439605128888881
0.3440769885666596
0.3442673778880251
0.3442762333172841
0.34432015406436245
0.34435776773364596
0.3445863058592595
0.34461937501037015
0.34466788996275805
0.3447697087134107
0.34489072561735196
0.34490654894535905
0.3451468573354303
0.3451874654248626
0.3454169138139575
0.3456720462377508
0.3456960441377447
0.34590246412479364
0.3459296000988743
0.3462530154692151
0.3463816308922748
0.34638593456276795
0.34640496110444896
0.34640800597805343
0.34650544725171006
0.346570615819776
0.34660618564829454
0.3466364485460479
0.346749909877248
0.34693226709553004
0.3469335201285082
0.347070275621111
0.347328334833576
0.34741221530705246
0.34749022040401817
0.34753235657363374
0.34764906892848924
0.3477459562220455
0.34806806488968983
0.3480784917132025
0.34842553708237034
0.34849814345828517
0.3485225028735639
0.3485466615902889
0.348697722717436
0.34874799448865595
0.34912155246310106
0.34938967265348864
0.3497050611446145
0.3499966123156608
0.35097368488298814
0.3511238678323044
0.3511503256105469
0.3515009707343278
0.3515301351864914
0.3533552919657643
0.35378643587883546
0.3540582887019506
0.3541223776229016
0.35412579079184703
0.3541956198055907
0.35424039459826573
0.35451798835775633
0.35485550489835216
0.35536092098477945
0.35538079600512845
0.35566150652038603
0.3558168945426314
0.3565153156993762
0.35676505546492177
0.3568932211165193
0.357579600059633
0.35872457031186156
0.3593285256379553
0.36019049023214506
0.36030894397907665
0.3608072966082866
0.3609293266379467
0.3615262796204302
0.3617134647105515
0.3617440051028449
0.3618899017550071
0.3621222579940547
0.3633267483954045
0.36382386506672537
0.36512667397213416
0.3658364113945971
0.3661822288227377
0.3661835152593213
0.3666906569036538
0.3673339183254497
0.36745785602827064
0.36795587381377176
0.36810016802168766
0.36878158989115
0.36900408280990615
0.3692477707970893
0.3701284834118691
0.3709931016513862
0.371092853712428
0.37126622793114666
0.37155778071545326
0.37241217149392475
0.3748919857368532
0.3750670725928809
0.3751515764050551
0.37526255221627863
0.3757624741923018
0.37622295564334435
0.37633027503356387
0.3764059453960911
0.37677458076158155
0.37703014459617273
0.3780164696159386
0.3785522430268926
0.37930135858589586
0.3798297914263868
0.38178457830237406
0.38214732777442206
0.38240863289443555
0.38398609438345366
0.3850730904773429
0.38638061808066043
0.3869617872931743
0.3872012149326634
0.38722137002108464
0.3884875585868015
0.3891901587327596
0.39005159511361415
0.39020616032496763
0.39124206127524885
0.3918860670219136
0.39242177015066754
0.3929467888309605
0.3933358769213886
0.3935082128929327
0.39355488308091985
0.3937351631576426
0.39374710578952526
0.39419172276582587
0.3950620406977281
0.39522383631919283
0.3963481321157589
0.3977410942649525
0.3977744713559791
0.3978790062825675
0.39821623354567237
0.39858688339322784
0.3989471538622286
0.3992545009334779
0.400387930781006
0.4007791554078844
0.4013028835456781
0.40155407956786127
0.40189338997820545
0.40206555579819764
0.4047015148161803
0.40497847511013246
0.4051422070955881
0.4052887966565716
0.40541624621415234
0.4055375623797728
0.4061094242810247
0.4070565995038952
0.4083916620998134
0.4087138896483937
0.4093286938634105
0.40957998601539103
0.4099779202003154
0.41009011174797116
0.41023202926520325
0.4110092012861353
0.4116898255702177
0.4123246342155956
0.4127988140697373
0.41316234829596366
0.41351394879552617
0.41435888841088764
0.4147951389332296
0.41493038423853723
0.414936769780503
0.41729340366433143
0.42072295953052186
0.4210288775296455
0.4227796526395106
0.4229737586521458
0.42323498551947275
0.4236882945532143
0.42373325430604325
0.4242286283934626
0.42577588277025347
0.42605190832563494
0.42793804656462014
0.428106731942951
0.4313298124511739
0.43162068957616073
0.4324701427876024
0.4328465337226428
0.4330732389510653
0.43390939475263934
0.4344945296220947
0.4367608896177713
0.4380918903921318
0.43991220513124396
0.4404998302676078
0.4407243036140551
0.4420591296773741
0.4421468314187125
0.4425230880930948
0.44386635457269363
0.44651806746406214
0.4508099880761809
0.45089035967897567
0.45096833282605414
0.4512371290217594
0.451254623209274
0.4514317011764546
0.4514415840067768
0.451462168678719
0.4516122627808029
0.4520132245348284
0.4523832909743891
0.452431730776934
0.45259007109044047
0.4527959957641808
0.4528903972880484
0.4529569886296123
0.4529908937966399
0.4530897889013045
0.4530935821419357
0.4530949441987363
0.45312196353792433
0.453238613277529
0.45333114248788475
0.4536523260555605
0.4536878038235964
0.4538561152259827
0.4540427724585696
0.45412268659405386
0.45433259171445045
0.4543345212963375
0.4545017898800574
0.45463436844226174
0.4549079627095345
0.45507905727015097
0.4552262933840946
0.4559919887709627
0.4559968069004809
0.45615906219208857
0.4565411313140332
0.4566206301592764
0.4566623279341844
0.45672402378986127
0.4567329541308226
0.45678369267325697
0.4567936792513263
0.4568769741795234
0.4574088582948787
0.457511684654778
0.4575222476354957
0.45767244943082125
0.4577833838807517
0.457886000192023
0.4584663114903366
0.45885693543620004
0.45886750436276685
0.45902254468726134
0.4591810366318607
0.45919941573272255
0.4594723159009197
0.4597970152021184
0.45995367481996735
0.46002527900628176
0.46016404595504085
0.4605525044763634
0.46056327213865905
0.4608005495056304
0.46103864500030944
0.4610968013998692
0.46111550831356607
0.4612379340186415
0.461918340428865
0.46194452079502046
0.46195798024274326
0.4620767050054552
0.46225524340509877
0.4623530467122864
0.4623641214169288
0.46245418148712636
0.46316474700848903
0.46360897207500823
0.4636131600961935
0.4637246446935045
0.46376453808203383
0.4638387331733333
0.463854633320394
0.4638712039689182
0.46392798784873857
0.46399195259767606
0.4640423209714418
0.46439225990438837
0.4645434804730107
0.46477347449316064
0.4649125204896827
0.4649255659138719
0.46494729506310856
0.46513008279046447
0.46518648825175574
0.46519187179741783
0.4653094982767952
0.46544053872196206
0.46554216950316335
0.46565033061607264
0.46579506455346165
0.4658190155999951
0.46584456551188297
0.4661555154085257
0.4661923079478376
0.46621558977157834
0.46628235996995027
0.4663333234343388
0.46634308685565046
0.46642051226304376
0.4664609757915662
0.46674760510715047
0.4668231121376517
0.4669674601620792
0.4670529310195401
0.46724656432166195
0.467277748614279
0.4673275402612311
0.467438095166982
0.46774602079502414
0.46778362515973293
0.46785677179665264
0.4679229210361691
0.467929536637495
0.46832409316778545
0.4683319881680913
0.46833814523283024
0.46836492125051726
0.4685627559945806
0.4691138107859113
0.46917057266376316
0.46932615912139813
0.46945551411498243
0.4694701714209318
0.46952999185577976
0.46955137013596604
0.4695803210091163
0.4695913652574428
0.4698091310683885
0.4698100243806893
0.46985693217737595
0.4699305567055617
0.47005299618434726
0.47008544582540607
0.4702005824578518
0.4702575280102035
0.47029214802582975
0.47036130730944553
0.4703791606161103
0.4706258917109198
0.47079678189799623
0.4712091110676143
0.47124927602935457
0.47128928793498326
0.47137629611416304
0.47138643017819415
0.4715305388361272
0.4715587339557243
0.47158598120411904
0.4717660133056854
0.47204244341431456
0.4722675613156508
0.47228678232700294
0.4723996836417248
0.47241934856919454
0.47253403851573034
0.4726110857121144
0.4726454280362144
0.472673990512857
0.472687958459506
0.4727486364852892
0.4727536185825579
0.4727981675555043
0.4729129662521563
0.47299250720682845
0.47301491345873053
0.4730278399510985
0.47311791398088704
0.4731871066107052
0.47326969892615844
0.47329913820796904
0.47333155563687096
0.4733792896323488
0.4733939428622298
0.4734036898558266
0.47350526711655866
0.4735267984641707
0.47360262348300475
0.4736454976281214
0.47370168026869003
0.4737513461087134
0.473876107091428
0.47389108861914975
0.4739379436772634
0.4739415766750791
0.4739725806135906
0.47397766317090245
0.47429157169432107
0.47430215563273354
0.47438631150881355
0.4744075759299454
0.4744266507809856
0.4744507989517608
0.47450681779011683
0.474550943797707
0.47457082034838727
0.47460811965795807
0.4746312845149143
0.47467333047398
0.4747552446057116
0.4747771715076684
0.474838907927621
0.47493577911676393
0.47494248434235214
0.47504079367894003
0.4750730643734308
0.4750876968360666
0.47508845433435826
0.47509513012334353
0.4751161077385678
0.4752544473415447
0.47526527600993196
0.47527066806846674
0.4753518206605933
0.47536842110791283
0.4753925892340363
0.475409195338753
0.4754163357167189
0.4754178756331803
0.47545073008568295
0.4754631780640697
0.47557911380117274
0.47559792941994716
0.4756143596341139
0.47563943573570483
0.47566042103387124
0.47567700449325145
0.4757518120330894
0.4758083726054143
0.47581066830983104
0.4758151272324245
0.4758397670920634
0.4760272611043806
0.4760434124370536
0.476043684387779
0.47608245239135516
0.4761132052685785
0.4761375506078601
0.47614655463660255
0.47615872458241876
0.476307643059049
0.47630838170992124
0.4763511080864649
0.47638649559747215
0.4764706064915041
0.47647976025566413
0.4765041926281008
0.4765122272122067
0.47652448341077686
0.476552088748839
0.4765833121591394
0.47667015581456146
0.4766722181497847
0.476730812282928
0.4768277190248939
0.47690996473035085
0.4769415201266023
0.47697451956807574
0.4769846638863697
0.47699713711998154
0.4770186412718081
0.4770432769206159
0.47709961969292486
0.47711565035819353
0.4771516379617525
0.47715597780225055
0.4771825770869528
0.4771892969813279
0.47720838805726545
0.47724027891871157
0.4772527055250604
0.4772573717548903
0.47726519506272924
0.47727563364035275
0.47730328796774196
0.4773169087926445
0.47732980394665286
0.477418092833476
0.4774326007648597
0.4774413085803301
0.47744238566342057
0.477462814261042
0.47748486781016286
0.4774953307632582
0.477499388622533
0.4775048191170606
0.47750655426993244
0.47753266420061513
0.4775459701879767
0.4775582323862612
0.47759307763644054
0.47765107959194025
0.47765525017470006
0.47767480945066104
0.4776883190637875
0.4777633936308445
0.47777520592968464
0.4777846529871051
0.47779041980887105
0.4777910014203179
0.4778287527390544
0.4778312275246257
0.47785955435107424
0.47786483860780116
0.47798700069192274
0.47798987445168395
0.4779975785815771
0.478009623907969
0.47802286214469103
0.4780329433180778
0.47807797528916396
0.4780985756049025
0.4781159182825641
0.4781302086359422
0.4781409476517818
0.4781824603790629
0.4782002266601918
0.4782223950961973
0.4782375156900643
0.47830650173290196
0.4783173758171819
0.47832018723234626
0.47839503649215454
0.4784000536177021
0.47841185881167503
0.47841509356517536
0.47842940264301487
0.4784484183304691
0.47845237690328685
0.478468261765471
0.4784733435921211
0.47848977238514007
0.4784977114130363
0.4785143787451284
0.47853009806849506
0.47854458353827256
0.47855121879553025
0.47855250388226817
0.47855619552204137
0.4785608236042953
0.47857690328998065
0.4785840177444353
0.47859362214142964
0.47859777232002265
0.4786323433325552
0.47864682409859755
0.4786790222968785
0.478687711719627
0.47869298442927344
0.4787202506347635
0.47873041076414585
0.4787392782115791
0.4787495440462781
0.47876103871253506
0.47881365378713764
0.47883695559388895
0.4788378241369813
0.47884548247500636
0.4788577668488163
0.47886875443077576
0.47888562065871365
0.47892815237274466
0.47892865398687706
0.4789315891626862
0.47897288960649176
0.47899218606385563
0.47899311829392605
0.4789934705746487
0.47899643184203555
0.4790372622583262
0.4790837488215031
0.4790880035656821
0.4790949402385169
0.4791358754619695
0.4791710387539754
0.47917290971710486
0.47917823891734634
0.47918664686509654
0.4792065902813045
0.4792285073714613
0.479238602604667
0.47925684470501567
0.47926660364236845
0.4792867559094299
0.4792918957484601
0.4793206120312903
0.47932279087485186
0.4793399098021763
0.47934566764397196
0.4793689701643604
0.4793827474836153
0.4793840899488151
0.47938646659930356
0.47939033523415164
0.4794040528380329
0.4794043454463386
0.47941033877967426
0.47941778994993195
0.4794238091324132
0.47943028849592667
0.4794328869631931
0.4794384620700386
0.47944842500256357
0.4794513033794388
0.47945538493182827
0.47945599937479355
0.47945960307695223
0.4794728030103101
0.4795062778938893
0.47950633395088677
0.47952102896982435
0.4795244604273852
0.47953063610508595
0.4795345527750323
0.4795425764246299
0.4795467277302275
0.47955005102681914
0.4795504507623711
0.4795523942060525
0.4795524422058144
0.4795696287739754
0.47957066848280466
0.4796085420911084
0.4796286984072202
0.4796330348462686
0.4796332988742844
0.4796370293447955
0.4796624634632298
0.47966745182520937
0.4796755476550132
0.479681543779262
0.47968734280667646
0.4796913647413946
0.47970398055
0.47970698404717976
0.47970824058259337
0.47970988921469826
0.4797166363250752
0.47973338065545473
0.47974337180852195
0.4797489049597804
0.47975479837621304
0.4797554996723852
0.47975620722993034
0.4797722523697772
0.4797775456472485
0.4797795397736387
0.4797817686125511
0.4797829209274559
0.4797926627035937
0.4797934533948193
0.4797955015392559
0.47980035736967747
0.47980036475567006
0.47980062458994777
0.4798017589962085
0.47980269198455794
0.4798072250384373
0.47981424295883646
0.4798175774712357
0.4798239079500106
0.4798269632603294
0.4798278861856136
0.4798308717334537
0.4798367541912576
0.4798410511874686
0.47985116872970085
0.4798548586003061
0.47986380382960936
0.4798661671637186
0.47986860051790264
0.4798697464198993
0.4798701562760285
0.47987618316217656
0.4798770450604942
0.47988174047229987
0.4798857358827066
0.47988675385482116
0.4798888066420856
0.4798924724331413
0.47990445454106506
0.47990471400505236
0.4799068450159239
0.4799076356333726
0.4799114948538385
0.4799134130726144
0.47992142731289267
0.479923310253605
0.47992549297149073
0.4799270594831628
0.4799276322182759
0.47993014300374925
0.479930277885655
0.47994329336971614
0.47994546339217514
0.47994555569575437
0.4799514212068175
0.47995525913010795
0.479959761008748
0.47996167362596814
0.47996270914008093
0.4799650966818808
0.47996616844221657
0.4799664694610967
0.4799693813222996
0.4799694497847677
0.479969498074959
0.47997297895650104
0.4799742127061303
0.4799749834027265
0.4799757766350734
0.4799792587131026
0.4799800738530909
0.4799815997208835
0.47998364061683624
0.47998416668111676
0.4799842412531531
0.4799849255651394
0.47998510412711753
0.479985701548378
0.4799858145976034
0.4799878512825556
0.47998888269900686
0.47998940911568005
0.47998946791314656
0.479990697244585
0.47999127620171717
0.4799936893038579
0.4799939935833698
0.4799950852588906
0.4799967727769406
0.4799971067276843
0.4799975999532361
0.47999830864976356
0.479999289328065
0.4799997895286428
0.4799998280552747
0.47999990926348163
0.4799999478936519
0.4816587360919627
0.4841679921055497
0.4849415132581177
0.4851194182530007
0.4852124305193578
0.4852451725794947
0.485790322308618
0.48592934216468514
0.48986543525973675
0.490539909442016
0.4905791931479882
0.4918232769168626
0.4924627010549121
0.4925318728553389
0.4949024910016578
0.49613454692671577
0.4991982982722131
0.49963735375231255
0.5011286838728605
0.50116614268986
0.502346960378718
0.5041166694792485
0.5047542828905242
0.5050176859599804
0.5055072820305617
0.507113601187271
0.507116988807069
0.5077705834958608
0.5084942737085332
0.5098355977240533
0.5115328803196526
0.511687590060135
0.5128402773734848
0.5137804789305302
0.5141138120461751
0.514582836821844
0.5146417467576211
0.5148846506414146
0.5149308165350236
0.51497140090807
0.5152192423125777
0.515234698689695
0.5152682687031274
0.5153070997680237
0.5155374617467309
0.5155857001337423
0.5157389469124546
0.5164250475058978
0.5171518436709667
0.5177137039693671
0.5177283297318857
0.5183808028264798
0.5192184070067672
0.5193616897832584
0.519538740915602
0.5195988467531534
