EDM scores
0.020187302186560993
0.020737034440558806
0.021621504911578358
0.021711810342904387
0.02177479183950123
0.021835907995567394
0.021931477418613902
0.021955474228170464
0.02195935558265214
0.022007326718887027
0.022021572793823253
0.022044672861660057
0.02206058967962372
0.02208163769964348
0.022100106367742806
0.02211491142077554
0.02214844856936045
0.02217182807291608
0.022245424847255675
0.02228131637697905
0.02228159641219771
0.022319942277696327
0.02232050452015822
0.022335121608328342
0.02234975938328649
0.022373346487735056
0.02238084346592119
0.022424342689501213
0.022426537319882752
0.022525222355368114
0.022625543345700237
0.02264929365162635
0.022705124112244294
0.0227227213339896
0.022753773212438266
0.022776140349866063
0.022794195361808697
0.022801518065822545
0.022826132259100976
0.02284496433857117
0.02284780297554634
0.02288655098627697
0.022917792630663847
0.022919302456704392
0.02293976968700763
0.022983083189696694
0.02300547592757081
0.023024780205135015
0.023049100831028974
0.023064163388513376
0.023064462769374412
0.02306909085681067
0.023076614153137085
0.023132277514669307
0.023142274354066694
0.023154499219519363
0.023162698556294856
0.023190040981571843
0.02319093144631478
0.023191477991152485
0.02319594890179475
0.023223450115474296
0.02323705736381468
0.02328464043695189
0.02329091607310498
0.023292763119543453
0.02330308911367203
0.02332298952076012
0.02333386006684715
0.023336700546938278
0.023344995574804454
0.023348482303545606
0.02335734378591098
0.023373100928250987
0.023390394741311934
0.02343277995493078
0.023435825450394257
0.02345661446656499
0.023463225625196104
0.02347593773059438
0.02348600959289448
0.02351622300727401
0.023542259197779677
0.023543129062020454
0.023543992617005537
0.023554684880622633
0.023573702551074115
0.023592407776203535
0.02359284365389137
0.02360859934661498
0.023620485595473684
0.023623848495396137
0.023632776195737407
0.023634707596464223
0.023654886909478277
0.02366122792242086
0.023661789814596153
0.023669585677611016
0.023681069060913107
0.023708169624905993
0.023711983213072975
0.023721815883950597
0.02375204426807066
0.02376328641561703
0.023765010064222537
0.02377745754943567
0.02378875302708944
0.023806745786143335
0.023832019576588044
0.023859435320594084
0.02386982818752469
0.02388161998559175
0.023886573326873706
0.023949791938268947
0.02395176862516504
0.02395457547115807
0.02395809997016878
0.023962985835381978
0.023963442922951377
0.02397090623871738
0.02397875971346885
0.024006499508261038
0.024018865441740242
0.024032107902885094
0.024032942413052268
0.02403753288526101
0.024044705863379406
0.02405641858990076
0.024061605095050953
0.024070851027277244
0.024080699237920805
0.024091024641964585
0.024092543599582825
0.024096240195051716
0.024110349067068056
0.024120069679217464
0.024152338500493607
0.02416085423468004
0.024182631733249235
0.02419543545682538
0.024197711172789727
0.024198065526131053
0.024204932423909344
0.024216473260134236
0.024228269347322265
0.024238383737001493
0.02424664551905038
0.024249677449728887
0.02425030941472647
0.024254622900393784
0.024275047444933917
0.02428084793058629
0.024297720723827226
0.02430334823935267
0.024304466264906857
0.024308421511920468
0.024309380112500105
0.024310064832359205
0.024314366302005265
0.024334984380863768
0.024339399762069135
0.0243401992392156
0.024346984609715624
0.02435527282842234
0.024366550380371294
0.0243728972929673
0.024376511730913302
0.024379459389473966
0.024446426178641074
0.02445194211447876
0.024468695883036184
0.024477560667856245
0.024478424579139724
0.024489739878155926
0.024493589361922682
0.024495765072523247
0.02453151528502153
0.024561035771317793
0.0245676885062006
0.024582767149297715
0.02460234456556092
0.024617826926352095
0.02462508082427632
0.024632545431488125
0.024668754304233244
0.024669036239850194
0.024684869068035173
0.02468776986773712
0.024699881596708537
0.02470121171155925
0.02470502315367552
0.024706065760076747
0.02472392175956285
0.024727813750916178
0.02473092778361368
0.024741319673107356
0.02474189294325071
0.02474966310350688
0.024786644816568296
0.024802558116992297
0.02480340973110667
0.02481922559940041
0.024822434541017936
0.02482383352272007
0.02482908546346514
0.024838671800927418
0.0248491266542955
0.024863385325918724
0.02486895381002582
0.024872153641927536
0.024907923815627096
0.024926771220439323
0.02495245006834507
0.024953825073888148
0.02495941576986858
0.024961467776772144
0.024961976312920166
0.02497679516578942
0.025000503759650454
0.025011489781207683
0.025013698274584557
0.025026508548898777
0.025029298214185054
0.025029299328832327
0.025029456534136327
0.025032549344021684
0.02504025139093429
0.02504030076894096
0.02504147081454149
0.025042297535698987
0.025048956896433636
0.025054037740616705
0.025054789485388636
0.02505675848647074
0.025057460490353914
0.025057668577954138
0.025057681278374152
0.025058304393102443
0.025080183325550853
0.02508380264723784
0.025107665692280234
0.025125434378462954
0.02514050615258278
0.025140721547890894
0.025142735710620878
0.025148997230854824
0.025153757109485968
0.025162420964795124
0.025165231151041273
0.02516741934148149
0.025168419832832332
0.025169624215578546
0.0251894536049145
0.02520139620318458
0.02520190707750253
0.025203376317552963
0.025203905738258595
0.025208378451268543
0.025210479160426395
0.02521864514525167
0.02523456958770191
0.025242034458047666
0.025264851502503922
0.025267028698562292
0.025279793492049663
0.025295115218695655
0.02531135803672144
0.025316424581868894
0.02531742677804297
0.025322105968317438
0.025323976333704014
0.025326637028207928
0.025339192649571785
0.025346242239527216
0.025349947687613082
0.025352448343139506
0.025363057694909284
0.025372117377189175
0.025381949877131015
0.0253830897448303
0.02539499646839088
0.025396715500973534
0.025406280958062157
0.025420094144471665
0.025424256470128342
0.025428721857151056
0.025435298451048277
0.025445509199637294
0.025451084408195775
0.02545200762876921
0.02545300864477028
0.02546468258247666
0.025465697837441223
0.025481264677946338
0.02548993082113345
0.02549200586145266
0.02549617173022405
0.02550082741817847
0.02550176880672018
0.02550669500545896
0.025512931073493245
0.02551436241286225
0.025515375027034253
0.025517737236253134
0.025518092125422064
0.025524244905904204
0.025524926479335696
0.02552533841465005
0.025536821452919144
0.02554418805206324
0.025544285137951078
0.02555354779897661
0.025554020214720263
0.025559136446138154
0.025559512339595646
0.025572105273859055
0.025572906299701142
0.025581856780404148
0.025597351306554335
0.025610552154593826
0.025613303746006812
0.025615230240061817
0.02561883200318951
0.025640792275928078
0.02564128062623857
0.025641449528937606
0.025644164588518974
0.025644451524157535
0.025646554972637077
0.02564872688042577
0.02565223470730416
0.025654717208432144
0.02565614559745852
0.02565802534546197
0.025666152274080537
0.025682293245193732
0.025683047534241776
0.025690239090461645
0.0256939119590837
0.025703557304826097
0.02570368833996187
0.025706458745443084
0.02571890568553543
0.02571945101348796
0.02571992459617386
0.025722574230902167
0.02572384779638658
0.025723899550752626
0.025725946222764345
0.025728866667562657
0.02573205834817837
0.02573384606956682
0.025736190318355667
0.02575667499106063
0.025763791749564884
0.025768556108114644
0.025769383295693244
0.02577054515666443
0.02577590623456126
0.025777621289448282
0.025780409342010858
0.025786263518742383
0.025787075810032603
0.025791224221256764
0.025797571933168853
0.025798578401324063
0.025802418425970256
0.025809182402913862
0.025809322763030485
0.02581093135197097
0.025813447155638946
0.02581459949358993
0.025823137188274288
0.025826200020693017
0.02583716814257402
0.025847359237372865
0.025848712325090333
0.025850100207411974
0.025854336035702863
0.025855953810787098
0.025857473027948143
0.02586442058493658
0.025867792530885517
0.025871484443119208
0.02587571592364529
0.025876049328087684
0.025876058743865837
0.025892465302305746
0.025895808503467416
0.02589758879789821
0.025907381845167554
0.025913650776100333
0.025920174462324815
0.025920903282010514
0.025922054363417445
0.025930031753735847
0.025932882116411524
0.025932960229022996
0.02593336389425668
0.025935341969187457
0.025939444477498186
0.02594317330414508
0.02594561058655888
0.025948319350751665
0.025949924379019638
0.025951714343224765
0.025953454385676783
0.02595403262556902
0.02595410485861605
0.02595687347541036
0.025958111787381787
0.025960916951184305
0.02596282302362135
0.025969299627752695
0.025972019562057604
0.02597235246117094
0.025975908665916765
0.02597800744123934
0.025985817960690452
0.025993206552459885
0.025993300216612347
0.02599774712846018
0.026005821772806314
0.026009685291754202
0.02601531776398373
0.02602494029773391
0.026027928127597855
0.026029138154917437
0.026029360531218012
0.026036897311494424
0.026037527039034288
0.02604059178207116
0.026048010054694808
0.02605158613575808
0.026054123252436272
0.02605619249444965
0.026061146947646288
0.026061409511282458
0.02606287852695193
0.02607206176524791
0.026076255670377343
0.02607733606974192
0.02607818406103376
0.02607840982292533
0.02607933368338894
0.026081696995801738
0.026094832653642132
0.026099081055646987
0.026099447594419643
0.02610123451805701
0.026105009386521393
0.026109423154367557
0.026110919529150116
0.026123362804052017
0.026125243297134372
0.02613623332078659
0.026137528272664138
0.02614238751693546
0.026143655030625868
0.0261473225446148
0.026151972111465253
0.026155656449986242
0.026157222202977573
0.026159021531061803
0.02615962253309589
0.026160891526323598
0.02616165190007236
0.02616353641863558
0.026166298059101905
0.02616778797864819
0.026167822408814517
0.026168200260039527
0.02617286636343617
0.026173317159938377
0.026174850660863083
0.0261800237689402
0.02618212883351662
0.026182308603535695
0.02618444066758891
0.026186893315201208
0.026189344524424684
0.026192558159441565
0.026192574534328248
0.026194064184498385
0.026195298147914266
0.026195753593290863
0.026200182497498187
0.026200530070249934
0.02620333637657535
0.02620375195793006
0.026207740765770562
0.02620814844337045
0.026209003841755955
0.02621106268480678
0.02621567102486387
0.02621879138016454
0.026218837542909906
0.026221569495481947
0.026221759471274916
0.026221924474654965
0.026223673737757493
0.02622401180370975
0.026224069467344156
0.026228340288990622
0.026231176686369814
0.02623428795360248
0.026235327882482198
0.026237841955678447
0.0262384041821966
0.026238488071181686
0.026240939090997062
0.026244404821116056
0.026244652907346427
0.02624465515479711
0.026247557689572258
0.02625030954764031
0.02625235748703465
0.026252370097150566
0.026252929830529223
0.026257217189721613
0.026259350372784474
0.026259833793575677
0.026260486640341873
0.026260567476096067
0.02626183287182274
0.02626330066972081
0.026264103610449816
0.026264397023251004
0.02626543962354771
0.026267702975084718
0.02626814921976844
0.026271057036754475
0.026275424964549064
0.026275564429693452
0.026278858621209572
0.026285070250166558
0.026285937290147145
0.02628676718627074
0.026286976088871657
0.026287450705450043
0.026288936753798318
0.02629116881119871
0.026291512851139554
0.026291582526745766
0.026294308113032818
0.02629582063280477
0.02629666140435192
0.02629923190770701
0.026300824705299507
0.02630318168903344
0.026303883503731272
0.026308691223088407
0.026309879651339182
0.026310728335566958
0.026310911140314093
0.02631168404274857
0.026311972658692655
0.026312192491250788
0.02631605849768736
0.026316430822793415
0.0263170125534299
0.026317771557332652
0.026318810575095584
0.026319146321950114
0.026320396810289744
0.026321602550826426
0.026322270380128538
0.026323153463378476
0.026324402615354375
0.026329311406584007
0.02633105214246906
0.02633361519005102
0.026340871613165773
0.02634317703003545
0.026343283737893984
0.026344269045766804
0.026345766367020892
0.026345859724088056
0.026345917902271462
0.026346167344395446
0.026347629638796378
0.026350243232312904
0.026351683679953594
0.02635276017037508
0.02635509435481626
0.02635714077292955
0.026359001835433295
0.026359697551516105
0.026361128699530185
0.026363136631964112
0.026363630376625185
0.026367056230921226
0.026369338899513057
0.026370520058164232
0.026371606251381057
0.026373917829902706
0.0263751292907508
0.02637782819090266
0.0263797922607662
0.026380072866307593
0.026380906980131298
0.026381606956573052
0.026383093260404538
0.02638422935697427
0.026385064135785636
0.026385307308900877
0.026386111437353817
0.026387830153895682
0.026388682344345646
0.026390998175446496
0.02639110965873899
0.026391390614396822
0.026394283184813083
0.026394420466813062
0.026394872565920706
0.026395037624916736
0.026396892241279772
0.0263991716661058
0.026399431173778316
0.026399927745689385
0.026400406882349858
0.026401134960103205
0.02640242614046377
0.02640269435586232
0.026403861844862698
0.026404229732791846
0.026407502438439628
0.026407537319232944
0.026408883206231647
0.0264090660545463
0.026409348021624337
0.026409749105330445
0.026409775975429546
0.026409898978600476
0.02641222518152986
0.026412654450231637
0.026415916293573486
0.02641658139658093
0.026416949238105617
0.02641717679686695
0.026418159629285006
0.026418210606511894
0.02641860702514543
0.026419694224052177
0.026421427021241013
0.026422322341765753
0.02642266781872656
0.026422747188770298
0.026423772276170612
0.026424203238190575
0.02642557888155511
0.02642560610075207
0.026425654851865023
0.026426757343271257
0.026429719858420193
0.026429764305644306
0.02643203720924195
0.02643282427072164
0.026435588947408682
0.026435941206332938
0.026436287573888575
0.02643857161475067
0.026439024419179148
0.02643905697379157
0.02644082814788547
0.02644259727245933
0.02644309066296301
0.026444085061804175
0.02644474915209537
0.02644565252109245
0.026446906448105045
0.026448165307142443
0.02644876713244864
0.026455297761284493
0.0264557722842986
0.02645702245713053
0.02645721167823208
0.026457635454838965
0.02646010002129861
0.026461405846690964
0.026461484714255884
0.02646228930096374
0.02646278022053441
0.026463028665688
0.02646307722003365
0.026463079297614173
0.026464310642782162
0.026465072611841143
0.02646747547984665
0.026467889689366187
0.026468332347096675
0.02646968461195603
0.0264719887999649
0.026472808590220095
0.02647341948215294
0.026474332911758592
0.026474503521150345
0.026474780725390796
0.026474965187409317
0.02647809580201625
0.026480785789423682
0.026484515912216452
0.026484643259621646
0.026485054291898076
0.026488366214044747
0.026491978617219584
0.02649229980193802
0.026494234977424355
0.026494520015380132
0.02649457920688632
0.026496061260799016
0.02649719303053126
0.026497710574849904
0.026499825024498245
0.026501593297925587
0.026502588378454678
0.0265049267996704
0.026506755341384792
0.026506953025503762
0.02650860897589318
0.026509724328066756
0.02651031055611329
0.026510616352856547
0.026511205886686894
0.02651178945620756
0.026512373797611906
0.02651355785943762
0.02651591625536514
0.026516994862513545
0.026517402660017873
0.026517408627387547
0.026520643602348615
0.026520672275766235
0.026522420990588456
0.026523511549632124
0.026525402852059107
0.02652543450186629
0.026527804504154557
0.026528247795965444
0.026528247809833125
0.026531181015846315
0.02653414578395142
0.0265356133675847
0.026535706611898118
0.02653609018845971
0.02653766550408881
0.0265387340980667
0.026538850537784257
0.026539021718071865
0.026539399340651155
0.026541599934290033
0.02654338949741831
0.02654589380814844
0.026545930853928732
0.026547053190742693
0.026547846376842568
0.026548209678566984
0.026549030203104104
0.026550629933658566
0.026551319655415285
0.026551912813923276
0.026553335661797014
0.026554143861633274
0.026554717103266668
0.02655618320658763
0.02655758424768057
0.026557993912258857
0.02656014784439961
0.026561018554030875
0.026563001438046897
0.026563424170586578
0.02656447334852688
0.026564615047409375
0.026566000901338996
0.02656756239165386
0.02656894838259924
0.026569083532162974
0.026569306343251973
0.026569923827896722
0.026570587539464688
0.02657150301991273
0.026572013561344202
0.026572643435321463
0.026573256216709504
0.02657381199371247
0.026575011238843076
0.026575089673658462
0.026575290927383147
0.026575860631418594
0.026576348569100752
0.02657720688522957
0.0265792899820468
0.026580963392827714
0.02658140517148858
0.026582637961284992
0.02658266745096379
0.02658353524836078
0.026583939487628213
0.02658523065816904
0.026587500231075877
0.02658789337941685
0.026588363335310262
0.02659191270457165
0.026593601604095598
0.026593733067870454
0.02659423303188147
0.026595083633452525
0.02659590101561707
0.026596423135879014
0.026598030756219828
0.026599161599353754
0.02659935710519415
0.02660060677832421
0.026601866179077133
0.02660202300101134
0.02660212066554081
0.0266023823809022
0.02660246684671422
0.026605810738006837
0.026607237241848877
0.0266077173782311
0.02660842552310895
0.026609324391135884
0.026609374273788185
0.026610865671226867
0.02661163232621873
0.026614952456639085
0.02661566787679583
0.026617107781862517
0.026618888467669542
0.02661904494611841
0.02662009012075297
0.026620808240277582
0.026620814705917185
0.026621087292985318
0.026622871002900002
0.026625513973218995
0.02662586863848331
0.026626426107315037
0.02662670563479444
0.026628654367645294
0.02663029421887665
0.026631445406163072
0.026631744744114144
0.026631778522980692
0.026631831466071655
0.026635350496309353
0.026635727330828057
0.02663703315128049
0.02663727254884247
0.026638330913441376
0.026639036047667007
0.026640120827321676
0.026641175039124863
0.02664147541809656
0.026641632482949873
0.026642776981058595
0.026643446241348373
0.026643668831315862
0.026646187155472366
0.026647689832483987
0.0266479640373574
0.026649013462141873
0.026649089421080848
0.026651263584576184
0.02665164823896733
0.02665410820863152
0.02665439834074596
0.026654444668138575
0.026655590188028645
0.026656727193851894
0.026657231588156825
0.026657253014125283
0.02665887694666804
0.026659411025250167
0.026660196047846033
0.026661464590888816
0.026661486842668565
0.02666209572046406
0.026662482811045773
0.026665974388036365
0.02666882630657057
0.02666883380093276
0.02666887799563474
0.026669104994053883
0.02666941483783056
0.026670749474156003
0.026673361423939758
0.02667453090095684
0.026674602820421483
0.026677350892127718
0.026677853596492038
0.02667914574058671
0.026683480741953654
0.02668751824131457
0.026688374886693678
0.026688674299074636
0.02668886570068963
0.026689984845766238
0.026690348412537142
0.026691173196146934
0.026691666082620052
0.026693344559235988
0.026694300386815084
0.026694751313880615
0.026695475040355403
0.026696822451631953
0.026698274961373534
0.02669856515164339
0.026699935144424848
0.026700315153827127
0.0267016578710694
0.026702694523088346
0.0267036356406738
0.026703923155774592
0.026705233388416582
0.02670620097099083
0.02670772554131401
0.026708347677075406
0.026709350357485718
0.02670935356056078
0.02670963830764535
0.026709642472912458
0.02671123101669714
0.026713671432825718
0.02671473581622841
0.026715843283960566
0.02672128087006211
0.026722379713805967
0.026722871037732333
0.026729985971926384
0.026730171319460073
0.026730316109549734
0.026730479308960328
0.026732746163151015
0.02673373088322538
0.026733946803649922
0.026734171798286542
0.026737795853414306
0.026738649229750167
0.026739252901968054
0.026739656355090728
0.026742429455216595
0.02674328877077428
0.026744261881349644
0.026745376202363162
0.0267461211075255
0.02674642800755214
0.026746442474926854
0.02674662460153207
0.026749502353659128
0.02674984526886264
0.0267504596817442
0.026751848454166602
0.026752114677463766
0.02675314730642309
0.02675359228145497
0.02675657544369568
0.026757084422366864
0.02675812001851632
0.02675969346162873
0.026761945779563746
0.026762366055041283
0.026763349110984536
0.026764330975467793
0.02676477033401055
0.026764796020929855
0.026764959398012576
0.026765643492374237
0.02676875861590459
0.02677143768095001
0.026771644932284996
0.02677653157133722
0.026776937674167126
0.026779332170168126
0.026780922639018857
0.026787627695538274
0.026788779505506687
0.02679257291807129
0.026803155517177418
0.02680333218078638
0.026803935752884447
0.026804335660284805
0.026805573319674963
0.026805783671055395
0.026809296364631727
0.02681050827976149
0.026811131834182062
0.02681406399128571
0.026814358764304227
0.026824171924848535
0.026825558779367577
0.026828254044896756
0.026829192562376345
0.02682939013514065
0.02682996594346962
0.026841803795532727
0.026843563191474573
0.026844654420659166
0.02685170970188994
