EDM scores
0.001052821511257076
0.0011779583628911882
0.0012390173633561985
0.0012444230894116577
0.0012507214248495533
0.0012520195922563324
0.0012525109842800677
0.0012541042022877677
0.0012636336184096459
0.0012668698297398956
0.0012695963127460303
0.0012738391265626338
0.0012756962733616547
0.001283412797918165
0.0012959550152547767
0.001311867380178728
0.001312928711869528
0.0013223295738877545
0.0013255300249520163
0.001329821888229538
0.001335379256700043
0.0013363915590247238
0.001341579584222456
0.0013473508609060708
0.0013479007410517724
0.0013507116568423811
0.001351918704640133
0.0013542931646330014
0.0013618352783051702
0.0013622363504777516
0.0013643173462790704
0.001371728992233923
0.0013722842410808865
0.0013724189977150335
0.0013749581707029452
0.001376365524502267
0.0013787695661843689
0.0013802318777196142
0.001381037620239415
0.0013811516876851208
0.0013857974239803617
0.001390878968734768
0.001394215210679295
0.0013978251099424006
0.001397836194024281
0.0014018021112672512
0.0014030424377480355
0.0014084636927478252
0.0014117429595591614
0.0014122271578899952
0.0014127974101379105
0.0014130404239719638
0.0014134907531587948
0.0014151545587416468
0.0014180897251657562
0.0014181291160105384
0.0014198935122482752
0.0014214750041546525
0.0014215412876406259
0.0014220133089064807
0.001424876523350357
0.0014262771385989978
0.0014282329144764314
0.0014332913332614878
0.0014364406644697834
0.0014380092412572428
0.0014398325461428575
0.0014405881090634033
0.0014420458250642585
0.0014437695439937681
0.001443940552696267
0.0014452278144269904
0.001455284877656747
0.001461094055478516
0.0014611034142728739
0.0014611110254658724
0.0014613053625016654
0.0014621084951307389
0.0014635870576795822
0.0014668782327166103
0.0014697969938528947
0.0014698248454456584
0.0014702613808162412
0.001470861955340106
0.0014742921912514965
0.0014743243813785372
0.0014745990203699616
0.001476199679839434
0.0014775972380360438
0.0014784144567578045
0.0014789640441321026
0.00148273686670378
0.0014854389473204922
0.0014864147317489623
0.001487311720488833
0.0014873773466022014
0.0014883183576622611
0.0014883774682081126
0.0014885951964571508
0.0014897627234286472
0.0014905934570260404
0.001492205495252782
0.0014922107966061809
0.0014934415202967736
0.001494513176289597
0.001494789607292634
0.0014958578671999995
0.0014962388419799569
0.0014963638114731295
0.0014965035949623788
0.0015007357545720032
0.0015007803297088596
0.0015020433345817267
0.0015032946664272292
0.001503547453454881
0.0015048614107604232
0.001506130295113747
0.001506242998114711
0.0015064751486795816
0.0015078040114845557
0.001507994487111344
0.0015082056005499367
0.0015100066300111222
0.0015108083547713592
0.0015109862563031798
0.0015121680155628185
0.0015127456920177155
0.001514117420266482
0.0015179118920610607
0.0015186168570194502
0.0015197305212348046
0.0015199938852795496
0.0015220860370113599
0.0015222231663658305
0.0015230400153531886
0.001523643952775075
0.001523971645588451
0.0015241915427670713
0.0015256132535029713
0.001525991442140966
0.0015272425542080124
0.0015274335544629438
0.001527557508776292
0.001527711044356709
0.001531030542328309
0.0015315050725675356
0.0015333244592751088
0.0015340269364402105
0.0015341745768465073
0.001535434948140913
0.001537723816961614
0.0015388776064111122
0.0015395670764971248
0.001539957703249827
0.0015402885959825013
0.001541745504788398
0.0015418580437639182
0.0015422521258675504
0.0015434050922183337
0.0015434397871438243
0.0015442496133471924
0.001544632134811764
0.001545021895258059
0.0015466192778452097
0.0015470375891946206
0.0015476427622300064
0.001549444417791306
0.001549736076032099
0.0015498392687265555
0.0015505929469780413
0.0015513882078415037
0.0015517900150317462
0.0015528280377798318
0.001553983113774354
0.0015551988424808655
0.0015554086201527888
0.001556050935382256
0.0015584181015495682
0.0015596097365671046
0.001559955797122469
0.0015620367437809873
0.0015638990373952153
0.0015642428145302447
0.0015678891649875152
0.0015704197419130978
0.0015704797619693841
0.001570977963158891
0.0015716242246665046
0.0015725209001414566
0.001575000802893884
0.001577583283361519
0.001578791833205283
0.0015789115967325847
0.0015790739893985334
0.0015790980390378336
0.0015804190871284254
0.001581396537927294
0.0015828207853661382
0.00158313254735203
0.0015833606600063371
0.001583444333684921
0.0015834525175000766
0.0015836876049454616
0.0015842134876568807
0.0015846658419437435
0.0015855259922321124
0.001586505854647524
0.0015869871999921038
0.001587517056542624
0.0015877811124146357
0.0015891390065527846
0.0015893380839757385
0.0015908190152555996
0.0015916595048343467
0.0015918142539622375
0.001591838828646357
0.001592664907166788
0.0015930728722885303
0.0015943174971726972
0.0015944010384724033
0.001594576057039789
0.0015953193162157179
0.001595426197728553
0.0015960430773122917
0.001599492619218815
0.0015998095006558913
0.0016002239224714322
0.001600696076477409
0.0016013853588790962
0.001602423278144298
0.0016024938524220283
0.0016044116583022678
0.0016061930743456227
0.001607427239910889
0.0016088146052045344
0.0016109639303684051
0.001611554846843479
0.0016134662543634192
0.0016138291358076724
0.0016144834352406175
0.001616256204789559
0.0016163984284672506
0.0016170226446042026
0.0016191861660370137
0.0016203519854598634
0.0016204169489451258
0.0016215417377217478
0.0016221010941936593
0.001622226096257572
0.0016233328153900952
0.001624191907584841
0.001624622004570437
0.0016248565770618428
0.0016261554572450767
0.0016269775741630528
0.0016270421217388705
0.0016293534062126653
0.0016310284992190026
0.0016315238971426676
0.0016329655638946765
0.0016345342906551883
0.0016359960095870757
0.0016360088769301405
0.0016362705996953609
0.0016370968986267802
0.001638320815316779
0.0016390506571021743
0.001639235832525594
0.0016393900005077715
0.0016403704673880412
0.0016406470688024308
0.0016409066574165892
0.0016417021418364364
0.0016418498960104422
0.0016441293485585408
0.001644904353189505
0.00164535803988057
0.00164552139275521
0.0016462611973813825
0.001646426060194887
0.001647407082098715
0.001647936315714023
0.0016484721968085272
0.0016493404884899698
0.0016497372461817036
0.0016530951526150467
0.0016539054995182516
0.0016539514508226102
0.001654082120108559
0.0016554967862958962
0.0016567985910170236
0.0016570821599068873
0.0016577223869595622
0.0016578139917660705
0.0016589798096150105
0.0016605625573676446
0.0016607716169014482
0.0016610374410171121
0.0016621409404608788
0.0016638673512022993
0.001664900995345144
0.001665959834216277
0.0016686186160775147
0.0016691758171350844
0.0016692795908887325
0.0016710592768300445
0.0016713878889951304
0.001671986958477084
0.001673815578413005
0.0016738522505963887
0.0016752894274565274
0.0016757355598058853
0.0016764364372463978
0.0016779903523098225
0.0016806408531362664
0.0016809824654443967
0.001681196070197269
0.0016824228044592833
0.0016837340446209323
0.0016845558496902838
0.0016847342893527143
0.0016852067299537564
0.0016855019542676244
0.0016870640245133057
0.0016872688027056606
0.0016880443299651957
0.0016898205579864527
0.0016903780891684005
0.0016913281131863364
0.0016918969989673516
0.0016920097212394026
0.0016930183375502884
0.0016931973999606805
0.0016935076119394166
0.0016936847148318118
0.0016938352573304953
0.0016938376837119106
0.00169399921378454
0.00169401449466029
0.0016940171730344905
0.0016947683394462649
0.0016960936466422045
0.0016979210893636307
0.001698161271574207
0.0016981782290808112
0.0016986875351658233
0.0016992274429580077
0.001699286893221225
0.0017001156618914328
0.0017003813558322549
0.0017016426932275168
0.0017023807480667564
0.0017024283613707395
0.001702610274351749
0.0017030533362137887
0.0017039304176554163
0.001704305342491757
0.0017043160294292021
0.0017051576175964099
0.0017060353184731028
0.0017060476232572694
0.0017069172028301735
0.001708102018406363
0.0017081521066841607
0.0017083078474614032
0.0017084569402587594
0.0017090417145065346
0.0017092601196779414
0.0017109195939560003
0.0017117338723358117
0.0017128065245217117
0.0017128650753753072
0.0017131809529922109
0.001713207577447002
0.001713843292068876
0.0017143415290979164
0.001715444539539551
0.001716119367207482
0.001716261583914079
0.0017164726305245817
0.0017175418557833291
0.001717655233561176
0.0017177431521024483
0.0017181211260318351
0.0017189021348932027
0.001719289415239668
0.0017206056480329594
0.0017230119811895376
0.0017237802539402142
0.0017239266887731108
0.0017241894618404998
0.0017246748886631856
0.0017252138547289892
0.0017257302061832347
0.0017259092405995185
0.001726846972454776
0.0017269732992122293
0.0017286768451751664
0.0017289492720309499
0.0017294379832287043
0.0017295201107578938
0.0017297414633404514
0.0017323948653259907
0.0017351125638877796
0.001735993509064372
0.0017370644324916703
0.001739006877572854
0.0017391397928300165
0.0017397333551901575
0.0017399092725706804
0.001740884807591038
0.0017413092980931217
0.0017413768818669369
0.0017413975244828057
0.0017428890970258885
0.0017429206867381993
0.0017431064840697037
0.0017434160673567964
0.0017434362621923942
0.0017436106261743069
0.0017457144966512403
0.0017464542348538678
0.0017465603405694395
0.0017472922740578815
0.001748088469030752
0.0017481402439015888
0.0017482979867969623
0.0017483234960799746
0.001748832180772565
0.001751083518427751
0.0017522681195254533
0.0017524135824580369
0.0017527409357366854
0.0017529077394584124
0.0017530166911142436
0.0017563657853780685
0.001756517593238696
0.001757260587207129
0.0017587834054254407
0.001760181426159274
0.0017603556581523654
0.0017603621184793614
0.0017618627877070178
0.0017620754756664614
0.001765187987259555
0.0017674007545463119
0.0017679010450620347
0.0017681116626407983
0.0017685081475573173
0.001768862875840822
0.001770336817155909
0.0017719921597107438
0.0017732011306039613
0.0017738732791980228
0.0017747512882626674
0.0017747702307355712
0.001777194457717833
0.0017774031733812769
0.001777512689711032
0.0017778371262879246
0.0017780142099656665
0.0017803240049983106
0.0017806509217434582
0.0017814441476012072
0.0017868553972915139
0.0017883465201092915
0.001789560658670857
0.0017903893059149816
0.00179080263377947
0.0017917348233339766
0.0017925112782076534
0.0017933693156867324
0.0017935894660522122
0.0017940359901352921
0.0017941403691700269
0.0017942861444096073
0.0017949130295117994
0.0017954320539082442
0.0017957372301723694
0.0017959853686257902
0.0018012671978724052
0.001801533479623923
0.0018028160445607956
0.0018034091079180547
0.0018038872137186351
0.001805617591588072
0.0018084276020321462
0.0018130150157376849
0.0018161591473252335
0.001816556512584889
0.0018166118175033865
0.0018170339858444337
0.0018175846106502312
0.0018182260273152
0.0018205793409665505
0.0018209803470619038
0.0018210895698694898
0.0018220387897708652
0.0018225921985546892
0.0018230443545342652
0.0018237816683951912
0.0018243660439698046
0.0018245990196381586
0.0018247452335092248
0.0018250097718499605
0.0018265064815077346
0.001827296559085244
0.001828454508991928
0.0018293031474695349
0.001831281159233093
0.0018322461761114488
0.0018326385952290591
0.0018328581897714756
0.0018338962282936156
0.0018363207398600049
0.0018363476609110797
0.0018369104701145833
0.0018371567098615905
0.0018373144067321712
0.0018387349672957974
0.0018391978980367531
0.0018398800647071163
0.0018399943951985605
0.0018404812065163927
0.001842090843191272
0.001842466166336177
0.0018439859736524525
0.001844688727765277
0.0018452300095486362
0.001845948527614808
0.0018465420115155804
0.001846607902500294
0.0018467737019949514
0.0018474827412935486
0.0018485097030977327
0.0018494277252101088
0.001849593731645272
0.0018509888322307405
0.0018534361822925322
0.001853725076671574
0.0018538130174157858
0.0018554081435740648
0.0018554888724678523
0.0018557391338099118
0.0018566206451967146
0.0018574460679171107
0.0018584773198098933
0.0018593480426022239
0.0018594941180517894
0.0018598494685739466
0.0018601835349016267
0.0018602956838692502
0.0018603464689877366
0.0018611852402127577
0.0018616590821395845
0.0018620243589472676
0.0018623980538171167
0.0018630864553651088
0.0018637691809362457
0.001864024042386191
0.0018643331961557177
0.0018675458728925841
0.0018676012588848246
0.0018689255591873978
0.00186928977622763
0.0018704918532794512
0.0018711409157429486
0.0018731282665087822
0.00187391795643487
0.00187394179988886
0.0018762313898278823
0.0018771015838025505
0.0018777688095573447
0.0018790298306944379
0.00187988777257431
0.0018801646774944847
0.0018802653244581078
0.0018813047512967688
0.0018821395517320371
0.0018830700010920582
0.0018836521021943827
0.0018838204769526619
0.0018839320729832276
0.0018847783382120935
0.0018861178252362544
0.0018863901428916414
0.001889197254889914
0.0018921946628243705
0.0018943386282524186
0.0018957460646037727
0.001896691254409894
0.00189705146364638
0.0018974540029640403
0.0018978919855941751
0.001898238213847726
0.0018988318821851827
0.00189929207903271
0.001899859156147162
0.0019010975206154878
0.0019019562555174117
0.0019046746140167668
0.0019056733737784963
0.0019073944323406407
0.0019074665581171031
0.0019102729230355677
0.0019107321103326597
0.0019118379905877234
0.0019120666843684294
0.0019121187181356167
0.0019121250722759363
0.0019124041310384073
0.0019124155161146295
0.0019144225833256094
0.0019155176115107678
0.0019158439665782222
0.001917437420234846
0.001917729973830233
0.0019180982320694353
0.001918192331635721
0.0019199339103191824
0.0019199409505115644
0.001920038615390026
0.0019210699671096292
0.0019211306846226947
0.001925581846168406
0.0019258339642497376
0.0019272353787292281
0.001927324213156213
0.0019277851971717568
0.0019285331941881732
0.0019285643538381099
0.0019291990118614265
0.001929546140091526
0.0019307024109569625
0.0019318011203189192
0.0019318416661528327
0.0019323296261617474
0.0019327401626175443
0.00193276490579251
0.0019334098751371408
0.0019345354177839021
0.0019357970214713938
0.0019365164333754866
0.0019388684067236392
0.0019428044804179923
0.0019437867070236229
0.0019462042709612873
0.0019472420507510282
0.0019476411191555992
0.0019487097855076035
0.0019487944422822184
0.001949227717886796
0.0019492742805187141
0.0019503313570826248
0.0019510093649357102
0.0019523080707974738
0.0019524255379593384
0.0019541820145949663
0.001954252072091557
0.0019546552343649363
0.0019547975508572763
0.0019567707147434914
0.0019573917456792
0.0019614115297512075
0.001964254725184437
0.0019645048128685695
0.001966708876860711
0.001966858479728644
0.001967001959850193
0.0019675867856656275
0.0019685285899454933
0.001969324706103495
0.0019695649384554232
0.001969577325519146
0.001969782107792983
0.0019704825949148396
0.0019710387775137075
0.001971727001918418
0.001972537974251937
0.001973438422086006
0.001973530338401125
0.0019736375636360006
0.0019743000760574464
0.001974415070827796
0.001975910577074707
0.001976143717577582
0.0019783041225556164
0.0019791290772441963
0.001979489533081663
0.0019820969286641747
0.0019827334823942977
0.001983580293445022
0.0019853208017774964
0.001985852804944845
0.0019862130540528942
0.001986951792598924
0.001987210050711629
0.0019888920647911025
0.001989843327220827
0.001989988467586078
0.001990387165964929
0.0019910983355987816
0.0019914391626877385
0.001991737022087583
0.001992152887446706
0.00199287210564419
0.001992985880687693
0.0019930872817545903
0.0019934563080499725
0.0019939410091396412
0.0019948202054826986
0.0019952069906338707
0.0019954831252206612
0.0019957764634838354
0.0019965773284265345
0.001996941992739814
0.001998252111078411
0.0019990136769972157
0.0019993295477691336
0.001999763333554672
0.0020021580379250203
0.002006228122191041
0.002006261502845404
0.002006268210690012
0.0020066629095158
0.0020068810928498986
0.0020072336854241486
0.002007686288401021
0.0020090572840064146
0.0020090579464018695
0.002009980978846037
0.0020103708844589245
0.0020103972252852897
0.0020107124097302927
0.002011154039410708
0.0020114121882115784
0.002012531810049793
0.0020129370932947424
0.0020130851245677445
0.002014002944918232
0.002014236835256732
0.00201470264195997
0.00201477042506832
0.002015413876376535
0.002016860575732849
0.0020173157761189334
0.0020199526841676316
0.00202000765400495
0.0020215363036047954
0.0020216994268096233
0.0020218909838674065
0.0020242688021931713
0.0020252385183277084
0.002025764874051858
0.0020268100521756835
0.0020279249400767915
0.002027947291760109
0.002028157152410243
0.0020288338054956353
0.002030785646833594
0.0020345815937299876
0.0020356848765197204
0.002037945425220348
0.002039355721235298
0.002039598325729711
0.002039919297624698
0.002040142153485206
0.002040210392501328
0.0020404081207983133
0.002041287969397567
0.0020429446651266513
0.0020430341299267924
0.002043564051276122
0.0020469952645305735
0.0020475627361492997
0.0020478930903675167
0.0020481955848829663
0.0020491389977023602
0.0020505374174377526
0.002051714984023962
0.0020545946921504874
0.002059039739512779
0.0020603755567741196
0.0020607178573374104
0.0020622765046004643
0.002063108582952123
0.002063371810843795
0.0020634478580022425
0.0020637993967695567
0.0020654562865389425
0.002066271505417561
0.0020663181346744957
0.0020664311797107694
0.0020664632883996246
0.0020665638625874763
0.0020678743522980544
0.0020678968660536807
0.0020724561870109396
0.002073245198897395
0.0020740926671651435
0.0020745184426226885
0.0020745557431767273
0.0020770821894229114
0.0020776167431669286
0.0020792876659409686
0.0020809186663196593
0.0020816934614557438
0.002083144925497643
0.0020831518992597726
0.002083871657649208
0.0020839057804787602
0.0020844250490112716
0.0020853040266930727
0.0020853820085167136
0.002085655175368384
0.0020856799104709218
0.0020868033720966364
0.002087225901702626
0.002088234799941049
0.0020894929559954535
0.0020913062140448585
0.002093236230224079
0.0020973288255363496
0.0020976192416270736
0.002097653220096309
0.002097833907000242
0.0020986746409356167
0.002098996915331932
0.0021005661169354946
0.0021005679674778997
0.002101272321127351
0.002104592926084703
0.0021052712795955036
0.0021079908980124384
0.0021093285952954546
0.0021110354770567364
0.0021120322076128317
0.0021132094842629796
0.002113586812258694
0.0021148716622342153
0.002115366507549648
0.0021189611320146544
0.002120515713458169
0.002122049928003974
0.0021238816729225395
0.0021242854087660107
0.0021254641946354944
0.002125841786328418
0.0021258928455001095
0.0021270047073819252
0.002127672740485124
0.002127738961904304
0.0021281733995533046
0.0021291456168982003
0.0021295299979848035
0.0021301360145725523
0.002130276033122669
0.0021309655503263824
0.002131484960495086
0.002131538849859138
0.0021316465589545585
0.0021334347069698763
0.002134791233533257
0.0021364568486654657
0.00213798995330109
0.002138097368738716
0.0021402950948463157
0.002141577350768609
0.0021449542851531187
0.0021457713747179406
0.0021498279440810408
0.0021503760057331248
0.0021542597555175343
0.002154989088617063
0.002155155845176897
0.0021609936230625668
0.002162589370732683
0.0021663846810525893
0.0021666001009778627
0.002168107676244973
0.002168151726553167
0.0021707184152555325
0.002171293461068578
0.002172421823617085
0.0021725142963807
0.0021763374992447193
0.0021773838740412913
0.002178008272133981
0.0021798047111309267
0.0021860876473514855
0.002196493429409776
0.0022006251416516365
0.0022054567025267054
0.002209653657285031
0.0022102372914943893
0.0022108993155569405
0.002211472063514023
0.002211830691554308
0.002212102688349233
0.0022161862641182127
0.0022164258586785733
0.00221777186963259
0.002219273322057118
0.0022205341607836604
0.0022244939757663906
0.0022287648689097417
0.002234230768449871
0.0022343724801572405
0.002235489487620423
0.0022453472677050547
0.0022460172022360984
0.002247134704858518
0.0022478419202119253
0.0022486966823927665
0.00224883949516416
0.0022490613879673923
0.0022492747437407833
0.0022525233233287724
0.0022540689073630915
0.0022543873656190455
0.0022551527839262254
0.0022555879458828706
0.0022633883411176184
0.002264504396641883
0.0022665469308889388
0.0022710143883451052
0.002271331771613651
0.0022742288803128266
0.0022788202174763876
0.0022800565089497733
0.002280749299193003
0.002283315008572627
0.0022847137680803184
0.002286290814644094
0.0022872355439838552
0.002289589021931335
0.0022972116845330604
0.0023022271516201106
0.0023045534385728816
0.002315454359803221
0.002320241977694035
0.002323164971154615
0.0023267674364477503
0.0023280104161524295
0.0023306137035782088
0.0023321585906930483
0.00233249863092282
0.0023353583216481387
0.0023357993282976837
0.0023390795083671006
0.0023427774762561173
0.0023472675861292767
0.002347514174213687
0.002350129074814436
0.002354835858768449
0.002356971173608253
0.002358686285117806
0.0023618552380552087
0.002367558048845355
0.0023690641177552918
0.00237131343577566
0.002385812692423165
0.002386662416599753
0.002387511194368348
0.0023959023809140244
0.0023992629735011136
0.0024016181430357273
0.0024017795400192656
0.0024142379403751307
0.002418890851349604
0.0024192594491506242
0.002441049176708884
0.0024452016495626985
0.0024469431444580432
0.0024472440050088704
0.00244954008541979
0.002452164918796838
0.0024521822582526456
0.002456894249154758
0.002460067358172503
0.0024684372384813423
0.0024823633148808874
0.0024825641981592755
0.002482817367482643
0.002500011390407832
0.00251404417914609
0.0025170674255045366
0.002517429732317773
0.0025437550057661206
0.002546251894528627
0.0025675565733078655
0.0025737675139478862
0.0026021590553473592
0.002619824597449689
0.0026281730522668928
0.0026588345516064594
0.0026702032171482095
0.002683181238155446
0.002752238330467707
0.0027695602685608076
