EDM scores
0.10800000036686809
0.10800058715562125
0.10800272870242737
0.10800296206251747
0.1080223608634463
0.1080305596967365
0.10803301834467095
0.1081077536015302
0.10811995661883497
0.10814910224024916
0.10823118139679498
0.10823375488752131
0.10823875433231828
0.10826045161188069
0.10838381252568599
0.10847692497047143
0.10848236950984212
0.10849509861704741
0.10864520822678411
0.10883328071320383
0.10902006333699592
0.10914836712176339
0.10918909803535343
0.10919008564714355
0.1092797310549465
0.10934769036606223
0.1093795599890963
0.10974266205059328
0.10975978734956987
0.10989117240542413
0.11029041420299364
0.11031350081643969
0.11056624108264491
0.11089179381257828
0.11093235037432163
0.11132992933907991
0.11143625629717423
0.1116193093768256
0.11209524780285045
0.11229489139402014
0.11231740974827686
0.11274319209059834
0.1131863542983363
0.11326096422482228
0.11336349441082474
0.11338270793016153
0.11355913506832174
0.11380706844071091
0.11380783426772925
0.11416747578647828
0.11501884580717289
0.11530083550170382
0.1158463596317856
0.11757810356916615
0.11952187484741884
0.12108458339138888
0.12207962621976443
0.12242573285745152
0.12334917881287549
0.12338641939218745
0.1238585344672116
0.12416175211862321
0.12491408410804727
0.12619910832155665
0.12728862314187292
0.12779728860805864
0.12979341783754808
0.13057787324550615
0.1308897400531545
0.13149463062684344
0.1324106961168481
0.13342330403226768
0.13392519638314465
0.13511843573031632
0.13582492444202535
0.1381597483040394
0.1384170540190072
0.13877316681819646
0.13902974410843139
0.14279724772756347
0.1440482138290166
0.14415484987339572
0.14459979670664275
0.14476223141885425
0.1506303693913606
0.15310439971509837
0.1532946318798639
0.15353768382173796
0.1546898072260869
0.15621964239713487
0.1565642090748725
0.1572632463305796
0.1575753848772698
0.15840697276398394
0.15898275176684487
0.16068055959100097
0.1621074922674108
0.16249279526323201
0.16267656949832204
0.1644633267801081
0.1652173773292158
0.16611618066338057
0.16639440213569578
0.16700381889914426
0.1679093108924316
0.1682825702505766
0.16847108116109186
0.17012434671087265
0.17401871548636755
0.17583336061502325
0.17782527416800628
0.17849944883879224
0.1804591708962716
0.18196069693829114
0.18273282507228647
0.18343656962792176
0.18353109755252026
0.18354257951575814
0.18374563271054475
0.18376601937309228
0.18387148849348
0.1838815485177503
0.18397999118148345
0.1842016985458666
0.18435205696246662
0.1844737643901684
0.1846954118339062
0.1847836620165472
0.18498491503911382
0.18499173346709505
0.18641133878654015
0.18693161177136536
0.18709756847529102
0.1877243470099042
0.18788571348390942
0.18903575757551763
0.19019006039629208
0.19065607388890835
0.1908989754354843
0.19113756083738503
0.19121367136148512
0.19149799469574197
0.1919106806737085
0.19306922331225007
0.1944005435301421
0.19501478410935946
0.19524718420910986
0.19527180637324798
0.195854726541167
0.1958863291085483
0.1962509702838585
0.19673066891836122
0.19872875444499216
0.199211707197426
0.20004777226545029
0.20088436170682406
0.201194689547146
0.201557148877756
0.2017555921049229
0.2022879405529229
0.20256964687659443
0.2026426558161445
0.20278878109775678
0.2028755970344568
0.2032760346230471
0.2034732755394289
0.20355051189398501
0.20360922812513577
0.20376082099937956
0.20398152383881593
0.2040003899816272
0.20400129099108197
0.20400835798018058
0.20401109079223173
0.2040121472969972
0.20401344864917953
0.20401840293775306
0.2040235343615372
0.20403799243643514
0.20405820911531716
0.2040651001856917
0.2040734876230656
0.20408148729982542
0.20410096625786103
0.20412017414831793
0.2041332623694895
0.20414854062703883
0.20415536407473095
0.20415723214617681
0.20417621315218668
0.20418063357975075
0.20418875319307625
0.20427046841063023
0.20431279131163677
0.20433427886499894
0.20435872960200058
0.20439406108950664
0.20441432929233339
0.20442666531332937
0.20442959566214572
0.20447860499171633
0.20448911757316107
0.20450026787850495
0.20451061603674764
0.2045551974228779
0.2045558067729634
0.2045632918433315
0.2045980626790185
0.20462797311484773
0.20468598226781587
0.20471732315404004
0.20472208090411165
0.20478354800962792
0.20479684968182207
0.2050647398874508
0.20513911809547658
0.20516934603131637
0.20523997574917274
0.20539044348969057
0.20543477850545128
0.205439181936526
0.20552869550600206
0.2055577519691702
0.20557238933023636
0.205611922529704
0.20561481852671692
0.20562941964436418
0.20574729716791054
0.20574776435050426
0.2057871743648782
0.20578919549543295
0.20584352395997893
0.2058891184218114
0.20597705833891342
0.20605229014459175
0.20609366503024562
0.2061318479748341
0.20618444148828088
0.20621869251723032
0.20630829537908343
0.2064932349640985
0.20654609966995396
0.2065980604880407
0.20673589681447904
0.2067671896074332
0.20679030597744769
0.2068230737512214
0.2068381814622925
0.20684854004764403
0.20690214833031295
0.20692381591587572
0.206957209913734
0.2069746732159464
0.20720287644011512
0.20721872423201473
0.20738955332243206
0.20742132702251986
0.20748298540015933
0.20751157337023154
0.20754160227443336
0.20775138903718754
0.20794398115960508
0.20806973644319252
0.2082051368039164
0.20833044954258204
0.20835528985410204
0.20836109187295604
0.20847586318614442
0.2084883742228332
0.2085079360947352
0.20877881178464874
0.20878160577779442
0.20883774803826208
0.20894001933400055
0.2090397859029734
0.20934910982012772
0.20935838868811688
0.20963003600238775
0.20964764101380354
0.2099036489057115
0.20998159527771504
0.2100175466105555
0.2100364715169171
0.210458628906514
0.21057837563193219
0.21069248999212226
0.21072605415588613
0.21087210909428403
0.21100731610902768
0.21113947735427716
0.21119902102687987
0.21150484543986323
0.21164573406444298
0.2117557229547512
0.2117647608559987
0.21177893066677073
0.2118167114170605
0.2121215364716237
0.21229568526941803
0.21238490608904523
0.21280718302589202
0.21284661347346967
0.21299050684244686
0.21309547216667146
0.2131957418601337
0.21344479857170814
0.21357185934441306
0.2139490263492185
0.21437742445695127
0.214396557443169
0.21450829680437042
0.2145299396996311
0.21470748465854095
0.21478663619472882
0.21482018126078914
0.21486558885043885
0.21505262087663307
0.2154638142727272
0.21549734497560297
0.2155846713929635
0.21560212611339627
0.21573229535011437
0.21588249653948607
0.21592191678603898
0.21604347139517732
0.2160660660824157
0.21626274794993508
0.21630912808498826
0.21652913566569768
0.21659089325518996
0.2167591619105334
0.2167914622555621
0.21696426403827643
0.21706319467217564
0.21742251596374895
0.21750177657670994
0.21759871520405202
0.21790321386284608
0.21792113404310923
0.21799658520195747
0.21854151439782657
0.21861765571082734
0.21869751816359667
0.21883215725375935
0.2190393220646302
0.21908598376475083
0.2193229026328136
0.21951310340276026
0.21953266414181297
0.21987923632683687
0.2203991697006376
0.22047786793464513
0.22084299571297517
0.2210209171948643
0.2211285668544707
0.22138256155210054
0.22152522335594282
0.22159449026295286
0.22195015736427298
0.22199977865751858
0.22211824904997984
0.22213358388335322
0.22217597545726114
0.22293895247459675
0.22343515254238022
0.2236114533857
0.22460361921330457
0.22473811899614551
0.22503607729725444
0.2253288746004652
0.22538291542199085
0.22566209920680272
0.22587914162847128
0.2259646508803377
0.22608385856298965
0.22617769286239864
0.22628488443419423
0.22639966973176823
0.22705197904881325
0.22732553103737507
0.22735421665463015
0.2275940727633422
0.22790092296738929
0.22814295140449128
0.22818215849892326
0.22840144491301506
0.2290644786525904
0.22909598783809285
0.22916366095919213
0.22929180168054222
0.2293436457040385
0.22953068907168434
0.22960184043922144
0.2296517705652277
0.229840067689566
0.2301581978904936
0.23026743871187805
0.23092889951336074
0.23154419957872646
0.23166189289664332
0.23175636255128343
0.23183417428879655
0.2319068947473493
0.23197156484575718
0.23216215851724584
0.2322184915833682
0.23237971870110402
0.23245785491737855
0.23254443833334235
0.23261133840713066
0.23282409654764977
0.23285304213012725
0.23322575025127898
0.23333923808879067
0.2334651544025641
0.23359804215649715
0.23389981768077794
0.2340850285069336
0.2341701941174454
0.23417913596558593
0.2344872470661552
0.23484005349275902
0.23487382322737588
0.23501892950705586
0.2353272011728609
0.2353577019965068
0.23560284549259514
0.2357853036427189
0.2360076332428622
0.236507422508094
0.23660142446680715
0.23784292364229243
0.23959673343220617
0.23982255353769408
0.23993052211366434
0.24045079139911693
0.24080563621857148
0.24080965270941257
0.2415588272213189
0.2417351799617778
0.2417555696450595
0.24190473347014677
0.24192432995972152
0.2426775453602709
0.24315442934231327
0.24322505349820228
0.24324362198908833
0.2435171851883896
0.24372792801990584
0.24402566202849083
0.24475635046980967
0.244889733385865
0.24569707319971051
0.24609346242771746
0.24624708508732088
0.24626289366456072
0.24658287897969192
0.2470362301454962
0.24765624547419027
0.2487065437688892
0.2489068899270974
0.24982319290843696
0.24991557761534314
0.25034217873780584
0.2505712763572496
0.25073744011596777
0.2508006963015876
0.25097803473994656
0.251836966760771
0.25200326690618147
0.252102598628748
0.2522279032535273
0.25242423674571307
0.25274001935790974
0.2533826144833102
0.2538105111972923
0.25387425243859396
0.2539680552767058
0.2541212955758124
0.25425960806728315
0.2546470537045532
0.25466789276421564
0.25512974579294373
0.2551356451741649
0.25514546506483543
0.2554520531409988
0.2559179050111288
0.25638871221628773
0.2572318637810478
0.2580248132953856
0.25869070118884674
0.25939374591359393
0.25979043354789894
0.2600221205179317
0.260519995901115
0.2608058470243143
0.26274530082223685
0.2638070440198488
0.2654149586933972
0.2658133190567756
0.26611350325339944
0.2670743805709354
0.26774873481632633
0.26788158602400475
0.26792305437660946
0.26802652491955276
0.2683167599617637
0.26836263864958
0.26837923972473104
0.2685459875670588
0.26893027109707657
0.2690426630248415
0.26958406325144
0.2705099307158235
0.2709487947845291
0.2709895476698369
0.27148468115120616
0.27151286803248986
0.2715437990864352
0.27157812840247353
0.27176163715633006
0.27195827642964054
0.27203755370105
0.2720812897719494
0.2721090224080864
0.27224565372040066
0.2723220977134572
0.27249958435013577
0.27261227103395325
0.27279491909736064
0.27284582533367674
0.2731364747692285
0.2731644208669966
0.2732556575272021
0.27330691168454174
0.2737112214735144
0.27394837659974536
0.2742906943433512
0.27438284157965676
0.27454524807972436
0.2746085172498926
0.27468673142570504
0.274825035985917
0.27501024300332405
0.27510322204835674
0.27536654161544233
0.27550171628012265
0.2755815425632649
0.2756459137126048
0.27566160543160717
0.2756779490418957
0.27579494723685727
0.27584408313147124
0.27597269261460894
0.2761158193696882
0.2762190129889047
0.27636623012604583
0.27652298025839944
0.2766881357047379
0.27669925154671426
0.27677697769530085
0.2768908897922541
0.2769253876790344
0.27694791156694576
0.27715117032096387
0.2773495843191286
0.2775941566004137
0.2775974796239594
0.27775533743899
0.2779674713764216
0.2779775718143756
0.27799277577921844
0.2783482038538876
0.2784175727653332
0.27855568926112506
0.2786953861286497
0.2787978385118007
0.2788687188025688
0.27898774047203423
0.2790860539141845
0.27915194937019855
0.27930527067539546
0.27941731879377746
0.27956068806419315
0.2798498699320256
0.27985984520991897
0.27987721537751703
0.27999223568957743
0.28008680452592183
0.28020865009838103
0.2802924166410617
0.2803921779855187
0.2804279028829829
0.2804540788804684
0.28056776771191255
0.2806719861410491
0.28087950244854576
0.2813673115936201
0.2813895433977418
0.2814834070915955
0.2815728048598942
0.2816144900193804
0.28163909710710805
0.28181255751166695
0.28183844109853196
0.28184748638392654
0.2818666398594332
0.28196778145669077
0.28197298344107014
0.2819836049977597
0.28201859187611106
0.28209196726912095
0.28218078428323734
0.28220979031306775
0.28230128124622067
0.282467047180608
0.28261598257655296
0.28269110926278845
0.28271147861145407
0.282799195001751
0.28283818500062524
0.28284632310397373
0.2830693896073313
0.28330871250643375
0.28342786132504033
0.2834797786483586
0.28348391845486653
0.2834944773303617
0.28352188577435367
0.28362336241351505
0.28364200559957203
0.2836854688257029
0.2836894132658166
0.2837784049983161
0.28378151126235984
0.28379722782490013
0.28387234385783944
0.28387773944850825
0.2839020660886004
0.28395883948176814
0.28413184274117936
0.28415430027438227
0.284191109641041
0.28421081562298106
0.28424399952748003
0.2842629022443931
0.28426681447409385
0.2843454290868725
0.2843478479474303
0.2844080037888827
0.2844919870727956
0.28452685189043697
0.2846365279790534
0.28463656059329395
0.2846465774343326
0.28472287615741043
0.28472291504095093
0.2847356540049533
0.2847464429149622
0.28476003274275435
0.2847641148274257
0.2847872001651425
0.28488432558122917
0.28489037287776914
0.28490548474417854
0.28499052972648414
0.2849949404757511
0.2849953818677348
0.28499626178102155
0.28501819987461907
0.28507037151276415
0.28507589910757936
0.28510108670552525
0.28510444763028414
0.2851304461218
0.2851353887119141
0.2851365685331683
0.28515665012412883
0.2852750645037398
0.28531023954719925
0.28532710604381095
0.28536462211240593
0.28537187541744763
0.28537398465068514
0.28537557436850575
0.2853893232029141
0.28541342341279186
0.28545211878891946
0.28549081687246725
0.28549559915472994
0.2854958016923251
0.28551150360984323
0.2855265716315136
0.28555249646519937
0.28559656764077984
0.285691852166933
0.28575178651341554
0.2857713151547564
0.2857973977959887
0.2858478637046015
0.2859015249197199
0.2859312603238024
0.28594446252690864
0.2859460979940121
0.2860025398761268
0.28601721829052595
0.2860256044902777
0.28603545407072156
0.28609811379368477
0.2861155316929517
0.2861839134363309
0.2862017393897315
0.286235630721776
0.28623735375045595
0.2862418995153322
0.28625864328209105
0.28629734081670805
0.28630948635345954
0.2863190545832174
0.28633210718154695
0.28636996287092625
0.286413331506099
0.28643235533103506
0.28644940943236874
0.28646850876658275
0.2864831020563737
0.2864898494778537
0.2864969374193809
0.28650777520698356
0.28653341170159924
0.2865382765997972
0.2865427257699396
0.2865938853017352
0.28660623015282016
0.2866202447265098
0.28662896099106383
0.28663248984851525
0.2866395989875422
0.28666652860019726
0.2866750423350154
0.28676724657788616
0.28677322497262675
0.2867896445925421
0.28680609777192817
0.2868073906290426
0.286825658452125
0.28683902747902995
0.28686308309151404
0.2868646260110202
0.28687440771418937
0.2868835282326927
0.28689327682094534
0.28690985563059385
0.28691187872812346
0.2869401518756091
0.2869469671252836
0.2869595977619312
0.28698324016405996
0.2870097734577128
0.2870149240996282
0.28702132453786244
0.2870480009452714
0.28705060893901796
0.28705781538858227
0.2870663283137867
0.28707237892195786
0.28708611285398083
0.2870983694181785
0.28714717034899734
0.28715418832164247
0.28716726396704717
0.28719109447829827
0.2871939597027511
0.2872776143641154
0.28728979080932815
0.28730055538110855
0.28730707832224456
0.2873107878563844
0.28732258934392313
0.28732395270337463
0.28732930372793325
0.2873463135327706
0.28736071062122703
0.2873723803803493
0.28737855950805463
0.2873989887212818
0.2874005169062116
0.28740768633148955
0.2874104540671857
0.2874157613942066
0.2874211867783771
0.28743433790210177
0.2874383463861928
0.28743873409387816
0.2874558944220424
0.28745620174541564
0.28746506459363863
0.28748390695476633
0.2874937291673761
0.2874970933019424
0.28751683896171515
0.2875288860098077
0.2875300578048564
0.28754944702354956
0.28755248333532624
0.28759345994696867
0.287597248654274
0.28760204388913374
0.2876069002898917
0.28761133057024135
0.2876125374785785
0.28761516487308153
0.28762437088347953
0.2876385617122712
0.2876517215120682
0.2876578962629649
0.2876705633072238
0.28767285255379943
0.2876888587668358
0.28769251081645636
0.2877208784561966
0.28772418282605955
0.2877244597604253
0.2877255575611877
0.2877300390391103
0.28773534922005306
0.28774043081172723
0.2877452985417494
0.2877582860385188
0.2877584900543312
0.2877656966272581
0.28777016468154926
0.2877738291475865
0.2877879732267375
0.28779324499093584
0.2877946047673171
0.287806224804607
0.28781385579626295
0.28782235274516726
0.2878331287789211
0.28783357571984436
0.2878392394423735
0.2878490224157813
0.28785476231190915
0.2878566377421936
0.2878566485936451
0.2878577716658133
0.2878587097077418
0.2878637854591944
0.2878660182034767
0.2878706411554306
0.2878899315280279
0.2878940581785358
0.2878987619575795
0.28791816649805646
0.2879213441283446
0.2879224949314259
0.2879239200391197
0.2879265084906269
0.2879303558587249
0.287937149074624
0.2879399079433186
0.2879404051033375
0.28794465950965986
0.28794677650031963
0.2879511128620598
0.28795598056624
0.2879567534723105
0.2879631052053499
0.28796651537774326
0.2879714876782629
0.28797756901224875
0.2879802944597087
0.2879811474755801
0.28798166042858464
0.2879832527522449
0.2879855639786719
0.287986136942043
0.28798980641138827
0.2879901143985424
0.287991228620888
0.2879929605056935
0.28799523110978087
0.2879971476556919
0.28799741624800484
0.2879983397438863
0.28799840347890004
0.2879992510293196
0.2879992696062036
0.2879993439503636
0.2879993494970285
0.287999507934105
0.28799958859567204
0.2879999894058613
0.2886553757382344
0.28866792257220564
0.28884527346313965
0.2891301805031156
0.2895697019193131
0.28994872902612073
0.29004996838551256
0.2903201128790197
0.29063587273292785
0.29091907225081665
0.2912317583679525
0.291581870721717
0.2926381463495639
0.29264136832294124
0.29379610187561916
0.2938699269115596
0.29408895569569643
0.2947779848166648
0.295070132066137
0.2953696088134024
0.2953932300472349
0.29552577539654207
0.2966331752169593
0.2966965131753938
0.29679560391545823
0.2968426841249054
0.2970824598934494
0.2973259704415481
0.2974960231605745
0.2975789166371374
0.297691978168099
0.2982820308366776
0.2983643111299931
0.2984216328902185
0.29919381170948356
0.29929129320112646
0.2993463290808947
0.3000068341149339
0.3003839254597245
0.3008466917259854
0.30109621502196865
0.30157385459600294
0.30164620790724245
0.3017498253099726
0.30208709613253
0.3022842835002683
0.3023755543776836
0.3025068726417995
0.302865608486058
0.30304475288167965
0.3034527560477997
0.3035498600929031
0.3035592250866465
0.30364320851477145
0.3040642719818244
0.304390579616993
0.30480847903200864
0.30481627490498947
0.3048504996383874
0.3049576790752255
0.3050847594326509
0.3050969886426173
0.30556381613282807
0.3057404236375352
0.3060750227957245
0.3061112765604177
0.30617047704431116
0.3063222732495811
0.30634792417375517
0.30672654980913616
0.3067743427526697
0.30686477641887544
0.30690457254508335
0.30700933582042117
0.3071104680279537
0.30714657139292834
0.30724767829165156
0.3073961708457054
0.3077965515238676
0.3081822297457618
0.30874993721932964
0.30876585567050086
0.3090506421051564
0.30933245548113525
0.3095481632597688
0.3095811672364465
0.3097499940583334
0.31010197007588713
0.3101464223912178
0.3103460658948232
0.3104681340517308
0.311245779307773
0.3112849913313506
0.31149714798209055
0.31183379738957884
0.3119134582585742
0.3119402431908666
0.3121575357993263
0.3122473498889432
0.31226062201370774
0.31234377068215713
0.3124041743195658
0.31246639522014596
0.3124727487297745
0.3124758954846166
0.31248168660149683
